"left/image_00000930_0.png": (120, 192, 152, 262), (141, 182, 178, 258), (220, 192, 254, 260), (296, 184, 330, 262), (347, 186, 383, 273), (417, 192, 449, 269), (440, 194, 472, 267), (483, 199, 512, 271), (500, 188, 542, 279);
"left/image_00000931_0.png";
"left/image_00000932_0.png";
"left/image_00000933_0.png";
"left/image_00000934_0.png": (126, 192, 157, 262), (153, 184, 183, 262), (217, 197, 240, 260), (238, 197, 257, 247), (295, 184, 333, 264), (361, 188, 407, 279), (422, 190, 460, 271), (448, 186, 482, 267), (524, 265, 496, 197), (516, 180, 552, 279);
"left/image_00000935_0.png";
"left/image_00000936_0.png";
"left/image_00000937_0.png";
"left/image_00000938_0.png": (113, 190, 147, 269), (145, 186, 181, 264), (198, 201, 225, 262), (280, 186, 314, 271), (382, 186, 431, 288), (420, 192, 458, 273), (448, 192, 478, 273), (488, 199, 528, 275), (513, 188, 560, 283);
"left/image_00000939_0.png";
"left/image_00000940_0.png";
"left/image_00000941_0.png";
"left/image_00000942_0.png": (96, 184, 136, 264), (126, 171, 168, 262), (166, 192, 198, 258), (208, 192, 236, 247), (253, 178, 291, 271), (395, 180, 435, 286), (418, 188, 450, 271), (439, 184, 471, 267), (484, 192, 520, 273), (511, 186, 554, 279);
"left/image_00000943_0.png";
"left/image_00000944_0.png";
"left/image_00000945_0.png";
"left/image_00000946_0.png": (98, 184, 143, 271), (130, 178, 172, 273), (162, 192, 191, 262), (210, 194, 240, 254), (242, 173, 285, 277), (414, 184, 478, 296), (414, 184, 448, 273), (477, 182, 439, 271), (490, 192, 532, 275), (522, 180, 566, 281);
"left/image_00000947_0.png";
"left/image_00000948_0.png";
"left/image_00000949_0.png";
"left/image_00000950_0.png": (113, 182, 149, 273), (136, 171, 179, 271), (217, 192, 242, 252), (234, 175, 276, 283), (431, 184, 471, 279), (471, 175, 520, 303), (511, 188, 549, 277), (541, 180, 590, 286);
"left/image_00000951_0.png";
"left/image_00000952_0.png";
"left/image_00000953_0.png";
"left/image_00000954_0.png": (136, 182, 172, 283), (162, 175, 202, 279), (225, 173, 278, 290), (458, 188, 501, 288), (484, 186, 524, 281), (524, 173, 592, 322), (577, 182, 632, 298);
"left/image_00000955_0.png": (140, 188, 183, 283), (166, 175, 208, 281), (225, 175, 287, 292), (465, 190, 511, 290), (494, 182, 532, 286), (558, 167, 615, 322), (594, 180, 636, 298);
"left/image_00000956_0.png";
"left/image_00000957_0.png";
"left/image_00000958_0.png": (157, 180, 198, 286), (229, 281, 183, 175), (229, 167, 276, 300), (486, 184, 532, 290), (520, 188, 558, 286), (579, 190, 630, 290);
"left/image_00000959_0.png";
"left/image_00000960_0.png";
"left/image_00000961_0.png";
"left/image_00000962_0.png": (172, 184, 219, 292), (206, 165, 274, 309), (204, 173, 236, 288), (270, 201, 293, 264), (505, 180, 560, 292), (545, 182, 590, 288), (617, 201, 638, 296);
"left/image_00000963_0.png";
"left/image_00000964_0.png";
"left/image_00000965_0.png";
"left/image_00000966_0.png": (186, 165, 256, 328), (194, 178, 237, 300), (226, 171, 269, 300), (281, 207, 313, 271), (536, 186, 593, 307), (578, 188, 627, 303), (392, 209, 418, 271), (440, 216, 468, 271), (108, 216, 84, 271), (57, 220, 78, 271), (27, 218, 46, 269);
"left/image_00000967_0.png";
"left/image_00000968_0.png";
"left/image_00000969_0.png";
"left/image_00000970_0.png": (273, 328, 182, 154), (243, 178, 292, 305), (277, 161, 322, 303), (603, 180, 639, 307), (328, 203, 358, 269), (491, 211, 523, 267), (589, 267, 561, 216), (101, 214, 127, 269), (129, 211, 150, 267), (72, 214, 95, 269);
"left/image_00000971_0.png";
"left/image_00000972_0.png";
"left/image_00000973_0.png";
"left/image_00000974_0.png": (156, 146, 260, 340), (279, 169, 336, 313), (322, 154, 375, 309), (258, 207, 283, 275), (275, 203, 296, 267), (639, 267, 625, 214), (550, 214, 578, 271), (576, 216, 601, 271), (116, 216, 137, 267), (167, 216, 192, 267), (141, 216, 167, 271), (0, 211, 29, 303);
"left/image_00000975_0.png";
"left/image_00000976_0.png";
"left/image_00000977_0.png";
"left/image_00000978_0.png": (0, 211, 48, 303), (137, 122, 211, 356), (311, 161, 375, 324), (353, 144, 428, 319), (485, 209, 510, 267), (508, 214, 540, 273), (601, 209, 625, 271), (623, 207, 639, 271), (275, 205, 303, 271), (294, 207, 326, 267), (531, 209, 555, 267), (122, 209, 148, 267), (197, 211, 216, 264);
"left/image_00000979_0.png";
"left/image_00000980_0.png";
"left/image_00000981_0.png";
"left/image_00000982_0.png": (2, 220, 50, 315), (42, 118, 201, 383), (152, 218, 175, 275), (169, 220, 190, 271), (182, 218, 205, 271), (207, 216, 233, 269), (281, 207, 311, 273), (313, 207, 343, 271), (336, 152, 417, 339), (396, 129, 464, 332), (502, 207, 529, 264), (523, 214, 555, 269), (553, 209, 578, 264);
"left/image_00000983_0.png";
"left/image_00000984_0.png";
"left/image_00000985_0.png";
"left/image_00000986_0.png": (103, 201, 131, 269), (127, 205, 150, 267), (146, 203, 167, 264), (161, 205, 184, 262), (186, 203, 209, 264), (197, 203, 218, 260), (258, 194, 286, 267), (294, 197, 326, 264), (330, 133, 421, 356), (398, 110, 476, 345), (485, 207, 506, 260), (504, 209, 531, 267), (536, 205, 559, 262);
"left/image_00000987_0.png";
"left/image_00000988_0.png";
"left/image_00000989_0.png";
"left/image_00000990_0.png": (101, 205, 131, 275), (125, 209, 152, 275), (144, 209, 167, 271), (158, 211, 186, 273), (184, 209, 211, 271), (197, 214, 218, 269), (250, 205, 279, 269), (292, 203, 324, 271), (254, 264, 233, 214), (347, 110, 457, 381), (430, 82, 540, 370), (525, 207, 548, 264), (540, 207, 563, 269);
"left/image_00000991_0.png";
"left/image_00000992_0.png";
"left/image_00000993_0.png";
"left/image_00000994_0.png": (93, 201, 122, 273), (114, 207, 141, 275), (131, 207, 158, 271), (152, 207, 186, 267), (182, 205, 209, 271), (194, 203, 220, 267), (235, 209, 254, 260), (243, 201, 273, 269), (292, 199, 326, 269), (383, 84, 529, 434), (620, 52, 493, 411);
"left/image_00000995_0.png";
"left/image_00000996_0.png";
"left/image_00000997_0.png";
"left/image_00000998_0.png": (86, 199, 118, 286), (108, 211, 135, 277), (127, 209, 156, 275), (150, 209, 180, 277), (178, 205, 207, 275), (199, 205, 220, 273), (235, 205, 264, 271), (294, 197, 332, 271), (406, 186, 451, 283), (447, 16, 633, 478), (582, 0, 639, 434), (481, 205, 506, 264);
"left/image_00000999_0.png";
"left/image_00001000_0.png";
"left/image_00001001_0.png";
"left/image_00001002_0.png": (80, 194, 114, 279), (103, 197, 127, 275), (122, 199, 156, 273), (148, 201, 182, 273), (173, 194, 209, 269), (192, 199, 222, 264), (226, 199, 256, 264), (241, 207, 264, 260), (298, 190, 334, 269), (409, 184, 451, 281), (483, 203, 506, 260), (491, 209, 523, 275), (504, 192, 536, 264), (540, 197, 567, 264), (559, 203, 578, 260);
"left/image_00001003_0.png";
"left/image_00001004_0.png";
"left/image_00001005_0.png";
"left/image_00001006_0.png": (103, 277, 65, 188), (91, 201, 110, 277), (108, 197, 141, 273), (141, 197, 175, 271), (167, 197, 201, 273), (188, 194, 220, 267), (214, 197, 243, 262), (233, 199, 260, 262), (294, 184, 334, 269), (402, 171, 451, 279), (466, 194, 512, 273), (495, 182, 531, 258), (534, 188, 567, 258), (557, 194, 576, 254);
"left/image_00001007_0.png": (67, 197, 103, 283), (112, 201, 89, 283), (105, 205, 137, 283), (144, 203, 173, 281), (156, 205, 182, 267), (167, 207, 199, 279);
"left/image_00001008_0.png": (65, 199, 105, 290), (103, 203, 133, 283), (127, 214, 148, 271), (173, 283, 144, 207), (163, 205, 199, 283), (186, 203, 218, 277), (209, 207, 237, 273), (230, 209, 264, 269), (294, 197, 334, 277), (400, 182, 449, 292), (466, 203, 508, 283), (498, 192, 531, 269), (538, 199, 563, 269), (555, 203, 576, 264);
"left/image_00001009_0.png";
"left/image_00001010_0.png": (50, 190, 93, 292), (89, 203, 122, 283), (131, 207, 165, 286), (118, 207, 139, 273), (154, 201, 192, 286), (182, 203, 214, 275), (201, 209, 224, 275), (224, 209, 260, 271), (288, 194, 328, 281), (392, 182, 442, 294), (455, 207, 493, 288), (493, 194, 527, 271), (563, 271, 531, 201), (550, 207, 574, 271);
"left/image_00001011_0.png";
"left/image_00001012_0.png": (52, 192, 91, 296), (86, 207, 116, 288), (163, 211, 127, 292), (144, 209, 169, 281), (156, 207, 190, 283), (186, 203, 218, 286), (228, 216, 258, 279), (292, 201, 330, 286), (389, 190, 442, 303), (453, 214, 489, 298), (468, 214, 495, 279), (498, 203, 529, 281), (570, 207, 538, 281), (553, 214, 574, 279);
"left/image_00001013_0.png";
"left/image_00001014_0.png": (57, 192, 101, 300), (89, 203, 122, 290), (125, 214, 148, 273), (135, 207, 169, 290), (148, 205, 178, 279), (165, 203, 199, 288), (194, 205, 230, 281), (237, 214, 264, 275), (300, 197, 341, 286), (396, 184, 451, 303), (459, 209, 498, 294), (476, 207, 506, 275), (504, 197, 542, 279), (546, 205, 582, 275), (567, 207, 593, 275);
"left/image_00001015_0.png";
"left/image_00001016_0.png": (59, 190, 101, 300), (86, 203, 127, 290), (133, 201, 171, 290), (152, 203, 182, 279), (203, 199, 165, 288), (194, 199, 235, 283), (239, 211, 271, 275), (305, 192, 349, 286), (400, 178, 449, 303), (457, 207, 495, 292), (481, 205, 512, 273), (512, 192, 550, 273), (555, 201, 587, 273), (576, 203, 599, 271);
"left/image_00001017_0.png";
"left/image_00001018_0.png": (33, 199, 69, 287), (55, 180, 98, 300), (80, 197, 116, 281), (131, 197, 165, 288), (150, 197, 179, 273), (161, 197, 201, 286), (194, 194, 230, 281), (237, 205, 267, 273), (305, 190, 347, 281), (396, 173, 445, 303), (447, 201, 489, 292), (481, 201, 512, 271), (510, 188, 548, 277), (555, 199, 587, 273), (574, 205, 599, 273);
"left/image_00001019_0.png";
"left/image_00001020_0.png";
"left/image_00001021_0.png";
"left/image_00001022_0.png": (51, 201, 6, 292), (47, 182, 96, 309), (87, 209, 111, 279), (123, 197, 166, 296), (162, 194, 202, 290), (206, 194, 240, 286), (242, 207, 280, 279), (306, 190, 354, 292), (119, 205, 145, 281), (397, 173, 446, 315), (441, 203, 484, 298), (484, 205, 520, 277), (513, 192, 556, 283), (564, 203, 598, 275), (583, 209, 609, 277);
"left/image_00001023_0.png";
"left/image_00001024_0.png";
"left/image_00001025_0.png";
"left/image_00001026_0.png": (1, 0, 223, 478), (166, 300, 119, 197), (162, 205, 204, 296), (208, 188, 251, 290), (244, 201, 278, 273), (316, 182, 361, 286), (388, 158, 441, 311), (433, 197, 471, 296), (482, 197, 516, 271), (518, 182, 564, 277), (571, 192, 600, 271), (590, 199, 615, 269), (83, 209, 113, 279);
"left/image_00001027_0.png";
"left/image_00001028_0.png";
"left/image_00001029_0.png";
"left/image_00001030_0.png": (3, 161, 45, 296), (1, 63, 126, 478), (145, 112, 26, 478), (115, 0, 388, 478), (308, 184, 354, 288), (369, 158, 431, 319), (418, 190, 448, 303), (469, 197, 509, 273), (507, 182, 549, 283), (560, 197, 592, 273), (581, 203, 607, 271), (575, 120, 638, 368);
"left/image_00001031_0.png";
"left/image_00001032_0.png";
"left/image_00001033_0.png";
"left/image_00001034_0.png": (45, 207, 79, 281), (73, 190, 123, 307), (107, 55, 210, 478), (145, 114, 276, 478), (229, 0, 594, 478), (452, 201, 484, 277), (492, 180, 526, 283), (501, 120, 626, 324);
"left/image_00001035_0.png";
"left/image_00001036_0.png";
"left/image_00001037_0.png";
"left/image_00001038_0.png": (32, 173, 90, 322), (13, 201, 51, 281), (92, 173, 143, 311), (164, 173, 219, 303), (200, 192, 227, 283), (145, 59, 338, 478), (433, 108, 261, 478), (399, 0, 636, 478);
"left/image_00001039_0.png";
"left/image_00001040_0.png";
"left/image_00001041_0.png";
"left/image_00001042_0.png": (1, 180, 62, 322), (62, 169, 121, 317), (200, 309, 147, 169), (185, 192, 223, 288), (407, 82, 232, 478), (386, 112, 518, 478), (488, 2, 636, 478), (204, 205, 229, 271);
"left/image_00001043_0.png";
"left/image_00001044_0.png";
"left/image_00001045_0.png";
"left/image_00001046_0.png": (1, 169, 37, 332), (37, 171, 109, 328), (134, 169, 191, 319), (174, 194, 206, 292), (210, 188, 276, 334), (215, 122, 321, 385), (327, 84, 448, 461), (454, 137, 575, 478), (560, 6, 638, 478);
"left/image_00001047_0.png";
"left/image_00001048_0.png";
"left/image_00001049_0.png";
"left/image_00001050_0.png": (18, 161, 98, 334), (185, 163, 128, 326), (157, 188, 219, 347), (172, 105, 270, 400), (295, 292, 246, 175), (327, 141, 405, 356), (361, 101, 501, 446), (477, 203, 507, 277), (490, 146, 621, 478);
"left/image_00001051_0.png";
"left/image_00001052_0.png";
"left/image_00001053_0.png";
"left/image_00001054_0.png": (8, 156, 89, 347), (67, 205, 101, 286), (91, 86, 233, 442), (309, 317, 239, 171), (292, 152, 385, 358), (351, 194, 387, 275), (383, 173, 428, 296), (430, 114, 548, 440), (557, 148, 639, 470);
"left/image_00001055_0.png": (4, 156, 91, 345), (69, 203, 101, 283), (74, 78, 218, 449), (237, 171, 307, 319), (288, 152, 381, 360), (345, 194, 385, 290), (381, 175, 428, 296), (440, 114, 550, 434), (565, 158, 639, 470);
"left/image_00001056_0.png";
"left/image_00001057_0.png";
"left/image_00001058_0.png": (2, 154, 63, 351), (19, 46, 158, 464), (150, 152, 218, 347), (247, 167, 307, 322), (258, 154, 326, 356), (336, 194, 387, 292), (377, 175, 425, 298), (457, 197, 491, 277), (476, 118, 580, 406), (593, 161, 639, 432);
"left/image_00001059_0.png";
"left/image_00001060_0.png";
"left/image_00001061_0.png";
"left/image_00001062_0.png": (0, 36, 114, 478), (78, 203, 125, 283), (120, 205, 161, 286), (141, 141, 230, 358), (226, 152, 296, 353), (267, 167, 307, 324), (322, 188, 372, 296), (413, 303, 360, 173), (453, 197, 487, 275), (474, 203, 498, 273), (555, 0, 639, 478);
"left/image_00001063_0.png";
"left/image_00001064_0.png";
"left/image_00001065_0.png";
"left/image_00001066_0.png": (1, 133, 66, 364), (87, 197, 119, 286), (107, 201, 147, 288), (151, 182, 190, 295), (166, 127, 263, 385), (244, 161, 325, 326), (312, 186, 359, 298), (348, 167, 397, 307), (325, 0, 638, 478);
"left/image_00001067_0.png";
"left/image_00001068_0.png";
"left/image_00001069_0.png";
"left/image_00001070_0.png": (1, 129, 58, 381), (43, 194, 79, 290), (90, 194, 134, 288), (140, 154, 204, 343), (193, 114, 327, 398), (297, 0, 554, 478), (456, 203, 484, 277), (554, 141, 638, 368);
"left/image_00001071_0.png";
"left/image_00001072_0.png";
"left/image_00001073_0.png";
"left/image_00001074_0.png": (0, 146, 47, 387), (47, 192, 90, 288), (81, 197, 121, 292), (102, 158, 170, 349), (174, 0, 395, 478), (431, 194, 467, 279), (479, 277, 452, 205), (569, 150, 638, 364);
"left/image_00001075_0.png";
"left/image_00001076_0.png";
"left/image_00001077_0.png";
"left/image_00001078_0.png": (1, 141, 41, 343), (295, 478, 100, 0), (272, 154, 342, 343), (287, 65, 494, 478), (431, 197, 465, 277), (448, 205, 479, 275), (577, 148, 638, 360);
"left/image_00001079_0.png";
"left/image_00001080_0.png";
"left/image_00001081_0.png";
"left/image_00001082_0.png": (3, 2, 221, 478), (170, 190, 221, 343), (295, 313, 234, 175), (272, 144, 357, 351), (416, 0, 592, 478), (588, 156, 638, 343);
"left/image_00001083_0.png";
"left/image_00001084_0.png";
"left/image_00001085_0.png";
"left/image_00001086_0.png": (2, 0, 148, 478), (158, 150, 235, 341), (226, 163, 279, 307), (264, 133, 322, 319), (275, 129, 377, 362), (419, 184, 453, 269), (442, 192, 466, 267), (606, 154, 639, 286);
"left/image_00001087_0.png";
"left/image_00001088_0.png": (1, 0, 126, 478), (166, 148, 261, 356), (227, 161, 276, 315), (265, 133, 318, 324), (291, 118, 390, 364), (420, 182, 463, 271), (443, 192, 471, 271), (58, 184, 94, 296), (100, 178, 143, 279);
"left/image_00001089_0.png": (1, 0, 115, 478), (51, 169, 87, 296), (104, 178, 145, 281), (168, 146, 270, 360), (229, 163, 280, 313), (265, 127, 335, 330), (289, 125, 395, 366), (427, 184, 465, 267), (448, 190, 475, 267);
"left/image_00001090_0.png": (3, 46, 109, 478), (41, 188, 83, 303), (102, 182, 145, 286), (172, 150, 276, 370), (223, 167, 274, 322), (257, 135, 323, 332), (299, 129, 399, 375), (429, 192, 463, 279), (448, 199, 471, 275);
"left/image_00001091_0.png": (1, 61, 94, 478), (98, 307, 47, 192), (172, 150, 289, 381), (227, 165, 280, 326), (268, 139, 333, 341), (316, 135, 422, 383), (431, 194, 467, 286), (452, 207, 482, 286), (119, 188, 153, 290);
"left/image_00001092_0.png": (1, 67, 90, 478), (11, 173, 68, 362), (47, 192, 100, 311), (183, 158, 289, 389), (238, 171, 276, 336), (268, 141, 338, 353), (443, 392, 323, 135), (437, 203, 473, 292), (488, 286, 456, 211), (96, 205, 136, 279), (117, 188, 157, 290);
"left/image_00001093_0.png": (3, 27, 79, 478), (15, 108, 98, 375), (68, 192, 109, 313), (200, 150, 297, 389), (270, 141, 354, 353), (346, 137, 463, 402), (454, 203, 486, 290), (473, 209, 503, 290), (111, 209, 147, 281), (138, 203, 172, 288);
"left/image_00001094_0.png": (1, 25, 77, 478), (30, 114, 117, 379), (115, 207, 147, 283), (138, 203, 170, 290), (206, 148, 308, 396), (278, 141, 361, 358), (350, 131, 473, 402), (454, 203, 494, 292), (475, 211, 507, 294);
"left/image_00001095_0.png": (1, 63, 60, 478), (20, 108, 136, 383), (219, 144, 323, 402), (123, 211, 155, 267), (285, 137, 367, 360), (367, 129, 486, 411), (469, 199, 503, 292), (482, 211, 518, 290);
"left/image_00001096_0.png": (1, 87, 60, 478), (37, 104, 145, 390), (132, 210, 162, 287), (223, 147, 346, 410), (295, 136, 369, 363), (380, 123, 501, 410), (475, 198, 509, 293), (494, 208, 526, 291);
"left/image_00001097_0.png": (1, 100, 68, 478), (66, 111, 174, 397), (37, 202, 77, 335), (249, 174, 295, 297), (259, 151, 365, 427), (314, 136, 390, 365), (410, 119, 530, 422), (496, 200, 539, 297), (518, 212, 549, 291);
"left/image_00001098_0.png": (1, 113, 72, 478), (15, 126, 83, 427), (45, 187, 87, 333), (83, 113, 187, 399), (265, 172, 308, 316), (274, 143, 378, 433), (327, 134, 399, 367), (427, 111, 552, 422), (516, 198, 545, 293), (530, 210, 560, 293);
"left/image_00001099_0.png": (68, 121, 1, 478), (115, 121, 28, 420), (104, 107, 206, 395), (276, 170, 323, 316), (301, 140, 414, 435), (329, 128, 424, 365), (456, 102, 585, 431), (541, 212, 571, 291), (552, 208, 585, 289);
"left/image_00001100_0.png": (1, 109, 81, 478), (49, 111, 143, 416), (126, 96, 232, 395), (285, 162, 342, 321), (318, 121, 433, 435), (371, 117, 437, 363), (477, 98, 626, 446), (569, 204, 609, 291);
"left/image_00001101_0.png": (75, 107, 1, 478), (162, 119, 51, 427), (145, 102, 259, 401), (299, 168, 363, 335), (344, 132, 456, 450), (499, 98, 638, 460);
"left/image_00001102_0.png": (1, 60, 98, 477), (240, 119, 104, 433), (198, 102, 338, 403), (333, 166, 412, 354), (397, 128, 537, 478), (547, 107, 638, 450), (187, 202, 234, 325);
"left/image_00001103_0.png": (0, 66, 111, 471), (134, 115, 257, 437), (202, 193, 246, 323), (221, 102, 359, 416), (344, 164, 429, 354), (573, 123, 422, 478), (583, 130, 638, 441);
"left/image_00001104_0.png": (1, 73, 130, 465), (157, 185, 193, 310), (159, 113, 295, 446), (285, 185, 244, 327), (255, 94, 390, 416), (369, 157, 460, 359), (433, 113, 524, 354), (467, 113, 634, 478);
"left/image_00001105_0.png": (0, 84, 151, 459), (170, 180, 223, 311), (193, 99, 325, 445), (278, 180, 312, 330), (285, 86, 414, 415), (390, 154, 482, 360), (465, 105, 560, 362), (507, 82, 636, 478);
"left/image_00001106_0.png": (5, 80, 162, 453), (189, 178, 240, 309), (227, 95, 361, 447), (316, 78, 437, 417), (499, 150, 414, 360), (471, 99, 585, 392), (556, 69, 638, 474);
"left/image_00001107_0.png": (46, 89, 194, 440), (152, 203, 178, 271), (224, 180, 275, 305), (281, 84, 423, 459), (383, 55, 495, 423), (461, 144, 542, 366), (514, 86, 639, 402);
"left/image_00001108_0.png": (61, 86, 207, 434), (171, 209, 192, 264), (188, 211, 211, 264), (233, 184, 288, 305), (298, 74, 453, 478), (411, 52, 527, 440), (489, 139, 559, 362), (538, 74, 639, 406);
"left/image_00001109_0.png": (214, 91, 86, 411), (199, 214, 214, 271), (207, 209, 226, 267), (252, 182, 303, 305), (326, 201, 368, 277), (334, 72, 491, 478), (449, 48, 595, 470), (565, 74, 639, 413);
"left/image_00001110_0.png": (95, 97, 222, 417), (203, 209, 228, 275), (214, 214, 235, 271), (260, 190, 311, 309), (343, 207, 377, 286), (353, 182, 404, 345), (360, 74, 521, 478), (478, 48, 637, 478), (639, 264, 584, 76);
"left/image_00001111_0.png": (116, 93, 241, 404), (230, 201, 256, 269), (286, 178, 334, 298), (368, 197, 406, 277), (381, 165, 447, 341), (409, 42, 582, 478), (540, 14, 639, 445);
"left/image_00001112_0.png": (127, 95, 247, 402), (241, 203, 269, 271), (300, 182, 343, 298), (379, 192, 411, 277), (396, 158, 470, 341), (442, 29, 603, 478), (567, 6, 639, 447);
"left/image_00001113_0.png": (133, 99, 256, 406), (256, 203, 288, 275);
"left/image_00001114_0.png": (152, 103, 260, 394), (267, 203, 298, 273), (322, 178, 368, 303), (402, 199, 438, 279), (428, 156, 514, 351), (563, 0, 637, 478);
"left/image_00001115_0.png";
"left/image_00001116_0.png";
"left/image_00001117_0.png";
"left/image_00001118_0.png": (184, 95, 298, 368), (279, 194, 305, 264), (326, 190, 353, 260), (364, 167, 411, 286), (447, 184, 493, 269), (487, 192, 512, 260), (491, 131, 599, 364);
"left/image_00001119_0.png": (180, 99, 309, 370), (281, 199, 309, 264), (326, 190, 358, 262), (364, 175, 413, 286), (445, 184, 498, 269), (483, 192, 521, 271), (493, 131, 603, 368);
"left/image_00001120_0.png": (186, 105, 309, 375), (286, 197, 315, 269), (336, 190, 366, 264), (370, 178, 417, 288), (449, 190, 500, 273), (491, 190, 521, 273), (506, 125, 623, 379);
"left/image_00001121_0.png";
"left/image_00001122_0.png": (211, 101, 309, 364), (298, 192, 328, 262), (347, 188, 381, 260), (381, 171, 425, 279), (461, 180, 506, 269), (500, 184, 534, 264), (519, 112, 639, 383);
"left/image_00001123_0.png";
"left/image_00001124_0.png";
"left/image_00001125_0.png";
"left/image_00001126_0.png": (211, 82, 307, 334), (343, 252, 313, 175), (368, 169, 398, 245), (389, 156, 432, 264), (466, 163, 510, 252), (506, 165, 542, 252), (538, 72, 639, 394);
"left/image_00001127_0.png";
"left/image_00001128_0.png";
"left/image_00001129_0.png";
"left/image_00001130_0.png": (211, 123, 303, 361), (283, 204, 307, 285), (351, 208, 324, 287), (389, 187, 432, 297), (470, 198, 519, 289), (512, 200, 553, 287), (563, 85, 639, 378), (381, 200, 415, 280);
"left/image_00001131_0.png": (203, 126, 300, 361), (356, 210, 322, 289), (383, 204, 419, 285), (385, 198, 430, 304), (470, 204, 512, 291), (510, 208, 544, 289), (570, 132, 639, 359);
"left/image_00001132_0.png";
"left/image_00001133_0.png";
"left/image_00001134_0.png": (203, 140, 294, 369), (277, 215, 303, 299), (315, 212, 353, 299), (383, 200, 425, 306), (466, 208, 502, 297), (506, 210, 538, 295);
"left/image_00001135_0.png";
"left/image_00001136_0.png";
"left/image_00001137_0.png";
"left/image_00001138_0.png": (0, 87, 63, 448), (218, 140, 296, 363), (283, 210, 317, 304), (336, 212, 366, 306), (387, 210, 428, 310), (366, 219, 387, 278), (413, 204, 445, 304), (470, 212, 506, 304), (502, 215, 544, 304);
"left/image_00001139_0.png";
"left/image_00001140_0.png";
"left/image_00001141_0.png";
"left/image_00001142_0.png": (0, 79, 101, 446), (207, 149, 298, 374), (288, 210, 322, 314), (341, 217, 377, 312), (389, 210, 432, 312), (430, 210, 474, 312), (476, 215, 510, 306), (508, 219, 546, 306), (370, 229, 394, 278);
"left/image_00001143_0.png";
"left/image_00001144_0.png";
"left/image_00001145_0.png";
"left/image_00001146_0.png": (0, 66, 50, 450), (165, 138, 250, 359), (258, 198, 288, 308), (307, 204, 349, 312), (358, 206, 396, 306), (406, 198, 457, 308), (434, 210, 474, 304), (466, 210, 504, 304);
"left/image_00001147_0.png";
"left/image_00001148_0.png";
"left/image_00001149_0.png";
"left/image_00001150_0.png": (186, 363, 95, 130), (192, 185, 243, 310), (256, 196, 309, 310), (300, 198, 341, 297), (366, 183, 423, 308), (409, 206, 449, 299);
"left/image_00001151_0.png";
"left/image_00001152_0.png";
"left/image_00001153_0.png";
"left/image_00001154_0.png": (29, 123, 133, 359), (154, 176, 207, 318), (226, 183, 281, 321), (262, 193, 300, 295), (343, 174, 411, 318);
"left/image_00001155_0.png";
"left/image_00001156_0.png";
"left/image_00001157_0.png";
"left/image_00001158_0.png": (0, 113, 76, 359), (110, 162, 169, 325), (197, 170, 254, 321), (239, 193, 267, 289), (300, 193, 341, 287), (334, 162, 394, 325), (65, 204, 91, 257);
"left/image_00001159_0.png";
"left/image_00001160_0.png";
"left/image_00001161_0.png";
"left/image_00001162_0.png": (2, 115, 29, 342), (69, 151, 139, 346), (184, 166, 250, 342), (277, 193, 315, 289), (307, 198, 341, 270), (328, 145, 404, 338);
"left/image_00001163_0.png";
"left/image_00001164_0.png";
"left/image_00001165_0.png";
"left/image_00001166_0.png": (0, 111, 31, 316), (55, 128, 135, 359), (116, 191, 152, 278), (184, 151, 267, 359), (275, 193, 315, 289), (309, 198, 349, 287), (351, 130, 461, 374);
"left/image_00001167_0.png";
"left/image_00001168_0.png";
"left/image_00001169_0.png";
"left/image_00001170_0.png": (6, 111, 105, 412), (163, 140, 262, 393), (394, 100, 531, 416), (108, 196, 150, 280), (269, 198, 307, 292), (307, 200, 351, 293);
"left/image_00001171_0.png";
"left/image_00001172_0.png";
"left/image_00001173_0.png";
"left/image_00001174_0.png": (69, 189, 114, 285), (4, 201, 29, 260), (97, 103, 228, 459), (237, 197, 281, 292), (279, 201, 317, 294), (451, 36, 623, 478);
"left/image_00001175_0.png";
"left/image_00001176_0.png";
"left/image_00001177_0.png";
"left/image_00001178_0.png": (0, 10, 135, 478), (137, 192, 180, 290), (197, 192, 239, 292), (241, 199, 283, 292), (512, 36, 639, 478);
"left/image_00001179_0.png";
"left/image_00001180_0.png";
"left/image_00001181_0.png";
"left/image_00001182_0.png": (2, 173, 31, 294), (63, 203, 97, 267), (89, 201, 118, 267), (112, 188, 152, 288), (165, 188, 211, 290), (209, 194, 256, 288);
"left/image_00001183_0.png";
"left/image_00001184_0.png";
"left/image_00001185_0.png";
"left/image_00001186_0.png": (48, 203, 82, 269), (74, 205, 108, 271), (95, 190, 133, 283), (144, 188, 190, 292), (194, 192, 237, 290);
"left/image_00001187_0.png";
"left/image_00001188_0.png";
"left/image_00001189_0.png";
"left/image_00001190_0.png": (57, 205, 93, 271), (86, 209, 112, 273), (103, 190, 141, 288), (148, 188, 190, 294), (197, 192, 239, 292);
"left/image_00001191_0.png";
"left/image_00001192_0.png";
"left/image_00001193_0.png";
"left/image_00001194_0.png": (80, 203, 116, 273), (112, 209, 137, 275), (125, 194, 165, 286), (167, 184, 207, 290), (224, 194, 260, 294);
"left/image_00001195_0.png";
"left/image_00001196_0.png";
"left/image_00001197_0.png";
"left/image_00001198_0.png": (0, 156, 38, 315), (105, 203, 146, 273), (139, 211, 165, 277), (156, 194, 197, 283), (190, 186, 235, 290), (243, 197, 288, 290);
"left/image_00001199_0.png";
"left/image_00001200_0.png";
"left/image_00001201_0.png";
"left/image_00001202_0.png": (0, 139, 42, 328), (131, 199, 165, 275), (163, 207, 188, 277), (184, 194, 216, 283), (211, 186, 250, 290), (262, 192, 307, 292);
"left/image_00001203_0.png";
"left/image_00001204_0.png";
"left/image_00001205_0.png";
"left/image_00001206_0.png": (0, 146, 69, 336), (50, 194, 74, 264), (161, 199, 203, 277), (197, 211, 224, 281), (214, 209, 237, 260), (222, 199, 252, 281), (245, 192, 286, 296), (296, 194, 339, 290);
"left/image_00001207_0.png";
"left/image_00001208_0.png";
"left/image_00001209_0.png";
"left/image_00001210_0.png": (33, 133, 0, 326), (8, 131, 95, 339), (91, 194, 122, 264), (201, 197, 239, 279), (235, 211, 260, 281), (262, 197, 294, 279), (286, 188, 326, 290), (334, 194, 379, 288);
"left/image_00001211_0.png";
"left/image_00001212_0.png";
"left/image_00001213_0.png";
"left/image_00001214_0.png": (0, 118, 76, 349), (103, 194, 137, 267), (211, 194, 252, 286), (247, 209, 279, 288), (277, 199, 309, 281), (300, 190, 343, 294), (351, 194, 389, 292);
"left/image_00001215_0.png";
"left/image_00001216_0.png";
"left/image_00001217_0.png";
"left/image_00001218_0.png": (69, 36, 0, 453), (89, 190, 125, 267), (201, 190, 239, 286), (239, 203, 273, 286), (273, 194, 298, 275), (288, 182, 330, 288), (336, 192, 377, 290);
"left/image_00001219_0.png";
"left/image_00001220_0.png";
"left/image_00001221_0.png";
"left/image_00001222_0.png": (2, 46, 93, 432), (76, 190, 110, 269), (182, 192, 233, 290), (235, 211, 267, 294), (264, 199, 296, 279), (281, 190, 322, 294), (330, 194, 370, 292), (103, 205, 133, 256);
"left/image_00001223_0.png";
"left/image_00001224_0.png";
"left/image_00001225_0.png";
"left/image_00001226_0.png": (0, 38, 120, 468), (118, 203, 144, 256), (182, 184, 233, 292), (230, 205, 273, 296), (264, 199, 298, 275), (286, 186, 328, 290), (334, 192, 375, 294);
"left/image_00001227_0.png";
"left/image_00001228_0.png";
"left/image_00001229_0.png";
"left/image_00001230_0.png": (2, 57, 167, 474), (2, 161, 55, 330), (188, 182, 241, 298), (245, 201, 281, 303), (283, 197, 309, 275), (298, 186, 336, 290), (339, 190, 383, 290);
"left/image_00001231_0.png";
"left/image_00001232_0.png";
"left/image_00001233_0.png";
"left/image_00001234_0.png": (2, 144, 67, 324), (36, 52, 165, 459), (167, 178, 230, 307), (228, 197, 271, 309), (273, 201, 303, 279), (283, 188, 322, 292), (332, 194, 370, 294);
"left/image_00001235_0.png";
"left/image_00001236_0.png";
"left/image_00001237_0.png";
"left/image_00001238_0.png": (0, 150, 69, 324), (173, 55, 29, 478), (165, 175, 222, 319), (214, 194, 262, 322), (277, 201, 303, 277), (281, 192, 322, 292), (328, 192, 368, 294);
"left/image_00001239_0.png";
"left/image_00001240_0.png";
"left/image_00001241_0.png";
"left/image_00001242_0.png": (12, 150, 78, 324), (67, 190, 101, 277), (82, 466, 201, 55), (186, 165, 226, 328), (269, 330, 209, 188), (283, 199, 311, 275), (290, 188, 332, 290), (375, 194, 334, 294);
"left/image_00001243_0.png";
"left/image_00001244_0.png";
"left/image_00001245_0.png";
"left/image_00001246_0.png": (29, 148, 101, 322), (82, 186, 118, 275), (89, 52, 260, 478), (226, 173, 277, 345), (300, 199, 326, 273), (305, 186, 343, 292), (347, 192, 394, 292);
"left/image_00001247_0.png";
"left/image_00001248_0.png";
"left/image_00001249_0.png";
"left/image_00001250_0.png": (40, 158, 108, 322), (86, 184, 118, 275), (137, 144, 233, 360), (197, 59, 309, 472), (309, 186, 353, 292), (396, 292, 358, 194);
"left/image_00001251_0.png";
"left/image_00001252_0.png";
"left/image_00001253_0.png";
"left/image_00001254_0.png": (42, 158, 108, 313), (84, 125, 203, 387), (173, 163, 250, 392), (222, 63, 349, 478), (351, 192, 392, 294);
"left/image_00001255_0.png";
"left/image_00001256_0.png";
"left/image_00001257_0.png";
"left/image_00001258_0.png": (23, 95, 163, 428), (112, 148, 211, 442), (264, 52, 381, 478);
"left/image_00001259_0.png";
"left/image_00001260_0.png";
"left/image_00001261_0.png";
"left/image_00001262_0.png": (0, 44, 89, 478), (36, 103, 165, 478), (163, 207, 186, 262), (292, 55, 409, 457), (214, 209, 235, 264), (245, 211, 269, 262), (262, 211, 290, 264);
"left/image_00001263_0.png";
"left/image_00001264_0.png";
"left/image_00001265_0.png";
"left/image_00001266_0.png": (0, 57, 89, 478), (40, 148, 91, 305), (127, 197, 161, 260), (167, 203, 190, 241), (205, 209, 230, 260), (239, 207, 264, 260), (258, 207, 283, 258), (286, 182, 332, 288), (305, 65, 419, 478);
"left/image_00001267_0.png";
"left/image_00001268_0.png";
"left/image_00001269_0.png";
"left/image_00001270_0.png": (2, 122, 108, 389), (144, 203, 173, 258), (175, 197, 203, 239), (209, 207, 235, 262), (245, 207, 269, 260), (262, 207, 290, 260), (292, 186, 339, 290), (326, 59, 434, 451);
"left/image_00001271_0.png";
"left/image_00001272_0.png";
"left/image_00001273_0.png";
"left/image_00001274_0.png": (33, 173, 74, 283), (67, 139, 169, 372), (150, 205, 171, 269), (171, 207, 201, 262), (201, 207, 218, 244), (226, 209, 247, 267), (262, 209, 283, 267), (279, 209, 305, 264), (313, 186, 356, 292), (347, 194, 387, 296), (360, 69, 474, 478);
"left/image_00001275_0.png";
"left/image_00001276_0.png";
"left/image_00001277_0.png";
"left/image_00001278_0.png": (46, 171, 84, 283), (86, 154, 139, 305), (118, 137, 218, 356), (190, 201, 218, 260), (226, 207, 245, 243), (239, 209, 262, 267), (273, 209, 300, 264), (294, 207, 322, 267), (330, 188, 370, 292), (368, 192, 409, 292), (392, 65, 508, 466);
"left/image_00001279_0.png";
"left/image_00001280_0.png";
"left/image_00001281_0.png";
"left/image_00001282_0.png": (65, 175, 108, 286), (116, 165, 173, 305), (163, 152, 250, 362), (254, 250, 230, 203), (260, 207, 286, 269), (294, 209, 322, 267), (317, 207, 347, 271), (353, 188, 394, 293), (392, 194, 438, 296), (415, 69, 559, 478);
"left/image_00001283_0.png";
"left/image_00001284_0.png";
"left/image_00001285_0.png";
"left/image_00001286_0.png": (84, 171, 116, 281), (135, 158, 197, 298), (194, 201, 222, 252), (214, 144, 298, 346), (275, 201, 298, 269), (305, 203, 332, 264), (330, 201, 362, 264), (362, 218, 383, 264), (366, 186, 413, 294), (409, 186, 449, 288), (432, 59, 565, 470);
"left/image_00001287_0.png";
"left/image_00001288_0.png";
"left/image_00001289_0.png";
"left/image_00001290_0.png": (74, 171, 129, 286), (139, 165, 197, 303), (203, 203, 226, 254), (239, 152, 324, 345), (305, 203, 334, 267), (336, 201, 366, 271), (368, 222, 389, 269), (377, 184, 419, 292), (413, 192, 455, 294), (455, 65, 580, 478);
"left/image_00001291_0.png";
"left/image_00001292_0.png";
"left/image_00001293_0.png";
"left/image_00001294_0.png": (55, 171, 105, 288), (125, 165, 180, 300), (192, 203, 214, 256), (243, 158, 315, 347), (300, 203, 319, 271), (324, 197, 358, 271), (353, 218, 379, 271), (368, 188, 409, 294), (409, 190, 449, 296), (451, 65, 578, 478);
"left/image_00001295_0.png";
"left/image_00001296_0.png";
"left/image_00001297_0.png";
"left/image_00001298_0.png": (38, 171, 93, 292), (116, 165, 173, 305), (175, 203, 199, 260), (267, 197, 241, 264), (241, 161, 326, 341), (313, 201, 345, 277), (343, 222, 370, 275), (356, 190, 398, 294), (396, 192, 442, 298), (436, 72, 559, 472);
"left/image_00001299_0.png";
"left/image_00001300_0.png";
"left/image_00001301_0.png";
"left/image_00001302_0.png": (19, 161, 82, 290), (112, 165, 168, 299), (169, 203, 194, 256), (230, 194, 264, 283), (258, 161, 330, 332), (311, 197, 345, 277), (343, 224, 364, 277), (356, 190, 396, 292), (392, 190, 438, 294), (434, 67, 550, 478);
"left/image_00001303_0.png";
"left/image_00001304_0.png";
"left/image_00001305_0.png";
"left/image_00001306_0.png": (6, 156, 65, 292), (105, 163, 158, 296), (161, 201, 186, 254), (209, 186, 258, 288), (243, 199, 269, 264), (262, 165, 332, 328), (311, 192, 339, 281), (341, 216, 364, 275), (358, 184, 396, 292), (392, 190, 434, 292), (428, 65, 539, 449);
"left/image_00001307_0.png";
"left/image_00001308_0.png";
"left/image_00001309_0.png";
"left/image_00001310_0.png": (0, 156, 46, 296), (101, 169, 152, 298), (194, 186, 243, 292), (247, 199, 281, 288), (262, 173, 332, 332), (309, 188, 343, 286), (345, 216, 372, 279), (358, 186, 398, 294), (394, 190, 436, 296), (415, 69, 534, 476);
"left/image_00001311_0.png";
"left/image_00001312_0.png";
"left/image_00001313_0.png";
"left/image_00001314_0.png": (2, 154, 42, 292), (105, 165, 156, 297), (182, 178, 226, 304), (239, 188, 277, 288), (269, 169, 332, 324), (307, 188, 336, 290), (347, 214, 375, 283), (358, 182, 400, 288), (392, 186, 430, 290), (523, 455, 419, 63);
"left/image_00001315_0.png";
"left/image_00001316_0.png";
"left/image_00001317_0.png";
"left/image_00001318_0.png": (1, 153, 28, 299), (96, 168, 151, 299), (162, 172, 212, 308), (229, 183, 270, 291), (257, 172, 334, 321), (297, 179, 338, 295), (350, 215, 378, 287), (361, 189, 403, 297), (388, 189, 431, 295), (418, 72, 530, 475);
"left/image_00001319_0.png";
"left/image_00001320_0.png";
"left/image_00001321_0.png";
"left/image_00001322_0.png": (87, 162, 145, 295), (128, 162, 185, 321), (217, 179, 268, 301), (259, 174, 312, 318), (297, 176, 340, 304), (340, 215, 371, 289), (361, 183, 401, 289), (390, 191, 431, 293), (410, 68, 520, 452), (1, 147, 24, 304);
"left/image_00001323_0.png";
"left/image_00001324_0.png";
"left/image_00001325_0.png";
"left/image_00001326_0.png": (100, 147, 164, 335), (96, 170, 123, 297), (202, 170, 255, 306), (253, 172, 308, 316), (299, 168, 352, 310), (340, 212, 369, 295), (367, 187, 405, 297), (393, 189, 433, 295), (412, 73, 516, 458), (562, 77, 638, 418);
"left/image_00001327_0.png";
"left/image_00001328_0.png";
"left/image_00001329_0.png";
"left/image_00001330_0.png": (1, 147, 45, 306), (85, 134, 162, 365), (138, 170, 183, 299), (212, 168, 272, 323), (265, 196, 291, 257), (280, 176, 329, 314), (321, 164, 380, 323), (369, 212, 401, 304), (388, 185, 435, 297), (420, 189, 467, 297), (446, 73, 556, 469), (566, 107, 638, 388);
"left/image_00001331_0.png";
"left/image_00001332_0.png";
"left/image_00001333_0.png";
"left/image_00001334_0.png": (0, 151, 58, 314), (24, 113, 149, 399), (159, 174, 208, 301), (212, 162, 287, 338), (289, 196, 312, 253), (301, 181, 352, 312), (318, 155, 405, 346), (397, 215, 429, 314), (414, 187, 458, 301), (446, 193, 490, 301), (486, 73, 596, 454), (575, 121, 638, 361);
"left/image_00001335_0.png";
"left/image_00001336_0.png";
"left/image_00001337_0.png";
"left/image_00001338_0.png": (20, 85, 126, 448), (202, 181, 242, 304), (236, 153, 304, 359), (323, 202, 348, 274), (335, 187, 388, 318), (371, 138, 463, 369), (439, 212, 475, 329), (454, 189, 496, 308), (486, 193, 532, 306), (543, 73, 638, 478);
"left/image_00001339_0.png";
"left/image_00001340_0.png";
"left/image_00001341_0.png";
"left/image_00001342_0.png": (39, 143, 104, 321), (210, 134, 308, 388), (342, 196, 371, 272), (365, 181, 420, 306), (395, 117, 488, 407), (473, 198, 511, 333), (475, 185, 520, 299), (513, 191, 558, 301), (588, 65, 638, 448);
"left/image_00001343_0.png";
"left/image_00001344_0.png";
"left/image_00001345_0.png";
"left/image_00001346_0.png": (0, 131, 47, 324), (128, 95, 244, 415), (306, 194, 331, 273), (314, 78, 454, 457), (441, 205, 484, 349), (518, 190, 469, 298), (526, 148, 583, 328), (566, 80, 638, 478);
"left/image_00001347_0.png";
"left/image_00001348_0.png";
"left/image_00001349_0.png";
"left/image_00001350_0.png": (0, 46, 112, 453), (131, 201, 154, 271), (148, 173, 194, 298), (190, 19, 417, 478), (389, 205, 438, 370), (358, 209, 381, 271), (413, 197, 455, 303), (455, 165, 519, 319), (517, 86, 618, 436);
"left/image_00001351_0.png";
"left/image_00001352_0.png";
"left/image_00001353_0.png";
"left/image_00001354_0.png": (10, 2, 286, 478), (254, 190, 290, 300), (277, 192, 303, 275), (309, 209, 334, 267), (334, 188, 370, 288), (400, 186, 351, 385), (404, 171, 459, 305), (468, 99, 557, 438);
"left/image_00001355_0.png";
"left/image_00001356_0.png";
"left/image_00001357_0.png";
"left/image_00001358_0.png": (110, 173, 161, 298), (211, 190, 252, 277), (271, 188, 315, 300), (319, 209, 347, 267), (381, 188, 349, 292), (351, 167, 432, 425), (423, 173, 472, 300), (483, 91, 582, 419), (237, 216, 260, 271);
"left/image_00001359_0.png";
"left/image_00001360_0.png";
"left/image_00001361_0.png";
"left/image_00001362_0.png": (209, 180, 260, 300), (305, 188, 341, 281), (328, 216, 349, 273), (413, 296, 370, 192), (413, 207, 436, 269), (438, 182, 485, 300), (508, 190, 476, 298), (487, 144, 610, 478);
"left/image_00001363_0.png";
"left/image_00001364_0.png";
"left/image_00001365_0.png";
"left/image_00001366_0.png": (0, 46, 50, 464), (252, 199, 277, 250), (305, 180, 356, 294), (398, 190, 432, 283), (425, 216, 453, 277), (498, 192, 472, 281), (485, 194, 525, 303), (519, 209, 544, 271), (555, 184, 606, 303), (601, 184, 639, 303);
"left/image_00001367_0.png";
"left/image_00001368_0.png";
"left/image_00001369_0.png";
"left/image_00001370_0.png": (57, 110, 0, 362), (178, 67, 0, 478), (298, 199, 326, 271), (364, 182, 411, 298), (459, 190, 489, 288), (487, 220, 510, 281), (527, 192, 565, 290), (610, 307, 559, 192);
"left/image_00001371_0.png";
"left/image_00001372_0.png";
"left/image_00001373_0.png";
"left/image_00001374_0.png": (50, 46, 197, 472), (271, 197, 303, 271), (358, 178, 402, 292), (447, 186, 476, 288), (474, 214, 502, 281), (514, 186, 550, 286), (555, 190, 610, 303), (639, 303, 620, 194);
"left/image_00001375_0.png";
"left/image_00001376_0.png";
"left/image_00001377_0.png";
"left/image_00001378_0.png": (0, 44, 199, 478), (216, 199, 250, 275), (311, 184, 358, 296), (394, 188, 432, 290), (425, 216, 453, 283), (470, 190, 502, 292), (508, 197, 550, 300), (563, 186, 614, 305), (618, 192, 639, 305);
"left/image_00001379_0.png";
"left/image_00001380_0.png";
"left/image_00001381_0.png";
"left/image_00001382_0.png": (0, 16, 152, 478), (148, 192, 184, 275), (254, 180, 296, 296), (339, 186, 370, 288), (364, 218, 394, 281), (411, 186, 445, 290), (449, 197, 489, 296), (498, 190, 542, 300), (544, 192, 601, 303);
"left/image_00001383_0.png";
"left/image_00001384_0.png";
"left/image_00001385_0.png";
"left/image_00001386_0.png": (2, 21, 97, 478), (190, 184, 239, 296), (67, 188, 114, 273), (275, 184, 311, 292), (303, 216, 336, 286), (345, 186, 383, 290), (387, 201, 423, 292), (428, 188, 470, 303), (474, 194, 521, 303);
"left/image_00001387_0.png";
"left/image_00001388_0.png";
"left/image_00001389_0.png";
"left/image_00001390_0.png": (12, 186, 55, 275), (150, 175, 197, 292), (233, 175, 264, 290), (260, 211, 290, 281), (309, 180, 343, 288), (347, 199, 381, 286), (387, 186, 425, 296), (432, 192, 472, 296), (637, 389, 599, 112);
"left/image_00001391_0.png";
"left/image_00001392_0.png";
"left/image_00001393_0.png";
"left/image_00001394_0.png": (108, 171, 154, 292), (186, 169, 222, 292), (216, 205, 252, 281), (269, 175, 303, 290), (307, 199, 345, 286), (343, 186, 383, 294), (387, 190, 432, 296), (527, 108, 639, 406);
"left/image_00001395_0.png";
"left/image_00001396_0.png";
"left/image_00001397_0.png";
"left/image_00001398_0.png": (80, 167, 131, 294), (158, 169, 201, 296), (190, 203, 224, 288), (243, 173, 279, 294), (283, 197, 319, 286), (322, 184, 358, 292), (364, 192, 402, 294), (489, 105, 618, 409);
"left/image_00001399_0.png";
"left/image_00001400_0.png";
"left/image_00001401_0.png";
"left/image_00001402_0.png": (52, 169, 116, 294), (129, 165, 178, 298), (163, 203, 197, 286), (220, 167, 256, 294), (262, 194, 296, 281), (300, 180, 341, 288), (339, 188, 379, 292), (474, 105, 570, 402);
"left/image_00001403_0.png";
"left/image_00001404_0.png";
"left/image_00001405_0.png";
"left/image_00001406_0.png": (69, 173, 120, 303), (175, 307, 120, 167), (156, 209, 188, 300), (220, 173, 252, 307), (262, 203, 298, 286), (290, 190, 336, 296), (336, 194, 381, 298), (561, 105, 472, 402);
"left/image_00001407_0.png";
"left/image_00001408_0.png";
"left/image_00001409_0.png";
"left/image_00001410_0.png": (59, 171, 110, 300), (99, 163, 154, 307), (139, 205, 175, 298), (203, 167, 237, 307), (247, 201, 279, 283), (322, 296, 283, 184), (326, 194, 364, 296), (434, 112, 542, 413);
"left/image_00001411_0.png";
"left/image_00001412_0.png";
"left/image_00001413_0.png";
"left/image_00001414_0.png": (48, 169, 95, 298), (72, 154, 133, 311), (120, 201, 158, 300), (188, 158, 224, 309), (233, 197, 269, 279), (258, 182, 307, 296), (309, 186, 349, 290), (417, 105, 504, 392);
"left/image_00001415_0.png";
"left/image_00001416_0.png";
"left/image_00001417_0.png";
"left/image_00001418_0.png": (31, 167, 76, 298), (108, 319, 40, 152), (86, 201, 129, 309), (163, 156, 201, 317), (211, 197, 250, 279), (241, 182, 288, 292), (288, 188, 330, 294), (389, 108, 476, 411);
"left/image_00001419_0.png";
"left/image_00001420_0.png";
"left/image_00001421_0.png";
"left/image_00001422_0.png": (19, 141, 112, 324), (76, 197, 116, 305), (148, 148, 190, 317), (188, 192, 218, 264), (209, 197, 239, 277), (233, 180, 271, 292), (279, 186, 322, 290), (370, 105, 449, 396);
"left/image_00001423_0.png";
"left/image_00001424_0.png";
"left/image_00001425_0.png";
"left/image_00001426_0.png": (8, 139, 78, 328), (65, 201, 103, 311), (139, 144, 186, 326), (188, 192, 209, 262), (209, 197, 237, 277), (224, 180, 271, 294), (275, 186, 315, 292), (351, 112, 445, 411);
"left/image_00001427_0.png";
"left/image_00001428_0.png";
"left/image_00001429_0.png";
"left/image_00001430_0.png": (50, 122, 0, 336), (50, 190, 91, 315), (129, 129, 173, 330), (158, 192, 175, 269), (167, 192, 197, 262), (201, 194, 230, 273), (218, 178, 260, 294), (264, 184, 305, 290), (334, 105, 411, 404);
"left/image_00001431_0.png";
"left/image_00001432_0.png";
"left/image_00001433_0.png";
"left/image_00001434_0.png": (0, 118, 40, 345), (36, 188, 86, 317), (46, 165, 95, 252), (118, 125, 169, 336), (156, 186, 182, 271), (169, 188, 197, 264), (226, 194, 201, 271), (216, 175, 256, 290), (262, 180, 300, 288), (319, 99, 402, 400);
"left/image_00001435_0.png";
"left/image_00001436_0.png";
"left/image_00001437_0.png";
"left/image_00001438_0.png": (6, 184, 46, 330), (33, 169, 89, 256), (93, 120, 146, 351), (139, 186, 173, 275), (154, 188, 182, 264), (184, 197, 211, 273), (194, 178, 241, 292), (245, 182, 292, 292), (379, 105, 292, 404);
"left/image_00001439_0.png";
"left/image_00001440_0.png";
"left/image_00001441_0.png";
"left/image_00001442_0.png": (29, 167, 82, 252), (0, 175, 33, 345), (78, 112, 133, 360), (131, 184, 169, 281), (152, 188, 178, 267), (175, 207, 207, 273), (182, 178, 230, 292), (237, 182, 279, 292), (281, 101, 362, 392);
"left/image_00001443_0.png";
"left/image_00001444_0.png";
"left/image_00001445_0.png";
"left/image_00001446_0.png": (0, 171, 29, 351), (69, 103, 137, 375), (141, 180, 180, 283), (161, 186, 194, 269), (188, 199, 218, 273), (194, 180, 243, 298), (245, 184, 283, 292), (283, 110, 366, 409);
"left/image_00001447_0.png";
"left/image_00001448_0.png";
"left/image_00001449_0.png";
"left/image_00001450_0.png": (65, 93, 144, 389), (152, 178, 197, 286), (175, 186, 203, 269), (205, 199, 237, 273), (216, 175, 260, 294), (262, 182, 307, 290), (303, 105, 389, 389);
"left/image_00001451_0.png";
"left/image_00001452_0.png";
"left/image_00001453_0.png";
"left/image_00001454_0.png": (55, 86, 141, 409), (152, 178, 203, 292), (184, 186, 214, 273), (216, 205, 243, 273), (220, 182, 269, 296), (267, 188, 311, 298), (394, 406, 311, 108);
"left/image_00001455_0.png";
"left/image_00001456_0.png";
"left/image_00001457_0.png";
"left/image_00001458_0.png": (36, 65, 129, 430), (154, 165, 209, 292), (192, 180, 224, 271), (233, 175, 277, 294), (216, 205, 250, 271), (269, 182, 315, 290), (317, 105, 402, 392);
"left/image_00001459_0.png";
"left/image_00001460_0.png";
"left/image_00001461_0.png";
"left/image_00001462_0.png": (10, 33, 114, 459), (101, 169, 144, 286), (154, 163, 209, 298), (194, 175, 230, 277), (228, 199, 252, 267), (235, 178, 277, 294), (273, 180, 317, 292), (330, 105, 411, 394);
"left/image_00001463_0.png";
"left/image_00001464_0.png";
"left/image_00001465_0.png";
"left/image_00001466_0.png": (0, 0, 69, 478), (82, 171, 137, 290), (141, 154, 199, 307), (190, 175, 226, 281), (230, 175, 277, 294), (273, 180, 317, 292), (411, 392, 334, 105), (510, 0, 639, 478), (78, 201, 105, 271);
"left/image_00001467_0.png";
"left/image_00001468_0.png";
"left/image_00001469_0.png";
"left/image_00001470_0.png": (74, 199, 108, 283), (86, 173, 137, 288), (135, 148, 203, 324), (192, 171, 235, 283), (228, 178, 279, 296), (277, 184, 322, 294), (330, 108, 417, 383), (449, 0, 639, 478);
"left/image_00001471_0.png";
"left/image_00001472_0.png";
"left/image_00001473_0.png";
"left/image_00001474_0.png": (61, 186, 95, 277), (76, 169, 125, 290), (116, 129, 190, 332), (186, 163, 228, 288), (226, 171, 271, 296), (271, 178, 315, 294), (332, 108, 415, 394), (421, 0, 637, 478);
"left/image_00001475_0.png";
"left/image_00001476_0.png";
"left/image_00001477_0.png";
"left/image_00001478_0.png": (50, 188, 91, 286), (78, 182, 110, 288), (89, 118, 186, 366), (178, 158, 230, 298), (224, 175, 271, 298), (275, 178, 317, 296), (339, 103, 406, 379), (353, 0, 589, 478);
"left/image_00001479_0.png";
"left/image_00001480_0.png";
"left/image_00001481_0.png";
"left/image_00001482_0.png": (29, 186, 69, 290), (27, 86, 152, 395), (161, 146, 226, 303), (220, 167, 264, 292), (264, 173, 315, 296), (303, 0, 500, 478);
"left/image_00001483_0.png";
"left/image_00001484_0.png";
"left/image_00001485_0.png";
"left/image_00001486_0.png": (0, 57, 122, 449), (163, 141, 230, 326), (141, 205, 163, 258), (220, 175, 267, 300), (269, 180, 309, 300), (283, 2, 481, 478);
"left/image_00001487_0.png";
"left/image_00001488_0.png";
"left/image_00001489_0.png";
"left/image_00001490_0.png": (2, 4, 84, 478), (74, 175, 118, 294), (141, 207, 165, 262), (167, 131, 241, 341), (220, 175, 269, 300), (417, 23, 271, 478);
"left/image_00001491_0.png";
"left/image_00001492_0.png";
"left/image_00001493_0.png";
"left/image_00001494_0.png": (2, 165, 42, 311), (72, 173, 120, 288), (144, 103, 233, 353), (222, 178, 260, 300), (247, 25, 396, 459), (404, 383, 356, 139);
"left/image_00001495_0.png";
"left/image_00001496_0.png";
"left/image_00001497_0.png";
"left/image_00001498_0.png": (82, 178, 131, 290), (116, 74, 245, 404), (273, 298, 233, 171), (243, 50, 411, 478), (398, 141, 326, 375);
"left/image_00001499_0.png";
"left/image_00001500_0.png";
"left/image_00001501_0.png";
"left/image_00001502_0.png": (74, 171, 118, 290), (101, 14, 233, 440), (209, 201, 235, 262), (226, 175, 267, 299), (332, 141, 377, 383), (237, 55, 360, 442);
"left/image_00001503_0.png";
"left/image_00001504_0.png";
"left/image_00001505_0.png";
"left/image_00001506_0.png": (0, 0, 203, 478), (173, 201, 201, 267), (201, 69, 319, 413), (364, 114, 294, 381);
"left/image_00001507_0.png";
"left/image_00001508_0.png";
"left/image_00001509_0.png";
"left/image_00001510_0.png": (144, 0, 0, 478), (120, 175, 76, 290), (163, 80, 303, 436), (349, 389, 260, 120);
"left/image_00001511_0.png";
"left/image_00001512_0.png";
"left/image_00001513_0.png";
"left/image_00001514_0.png": (89, 178, 133, 290), (127, 194, 152, 271), (178, 80, 283, 402), (281, 118, 360, 379), (277, 205, 303, 269);
"left/image_00001515_0.png";
"left/image_00001516_0.png";
"left/image_00001517_0.png";
"left/image_00001518_0.png": (125, 175, 167, 288), (154, 194, 184, 269), (197, 95, 294, 387), (281, 173, 311, 300), (309, 122, 385, 381);
"left/image_00001519_0.png";
"left/image_00001520_0.png";
"left/image_00001521_0.png";
"left/image_00001522_0.png": (169, 178, 214, 286), (230, 105, 347, 387), (317, 171, 351, 298), (343, 209, 370, 264), (358, 118, 432, 379);
"left/image_00001523_0.png";
"left/image_00001524_0.png";
"left/image_00001525_0.png";
"left/image_00001526_0.png": (209, 182, 250, 286), (281, 105, 379, 368), (356, 178, 394, 303), (385, 205, 409, 264), (402, 118, 474, 385);
"left/image_00001527_0.png";
"left/image_00001528_0.png";
"left/image_00001529_0.png";
"left/image_00001530_0.png": (167, 201, 188, 250), (205, 190, 239, 275), (226, 182, 264, 283), (290, 184, 319, 275), (305, 114, 394, 375), (375, 175, 413, 296), (415, 118, 495, 377), (419, 182, 449, 305);
"left/image_00001531_0.png";
"left/image_00001532_0.png";
"left/image_00001533_0.png";
"left/image_00001534_0.png": (169, 201, 192, 250), (207, 186, 241, 279), (235, 178, 273, 281), (292, 180, 326, 281), (383, 173, 425, 300), (315, 116, 421, 360), (430, 118, 510, 368), (425, 169, 455, 300);
"left/image_00001535_0.png";
"left/image_00001536_0.png";
"left/image_00001537_0.png";
"left/image_00001538_0.png": (161, 203, 182, 254), (188, 186, 228, 290), (237, 184, 279, 286), (283, 182, 332, 290), (317, 207, 339, 273), (334, 129, 436, 347), (389, 192, 423, 307), (430, 125, 519, 383), (451, 197, 434, 305);
"left/image_00001539_0.png";
"left/image_00001540_0.png";
"left/image_00001541_0.png";
"left/image_00001542_0.png": (152, 205, 175, 258), (173, 184, 211, 294), (239, 186, 279, 288), (279, 182, 332, 300), (341, 279, 311, 205), (339, 186, 377, 298), (360, 139, 438, 358), (404, 203, 442, 307), (434, 127, 500, 372);
"left/image_00001543_0.png";
"left/image_00001544_0.png";
"left/image_00001545_0.png";
"left/image_00001546_0.png": (141, 173, 186, 298), (230, 180, 273, 281), (269, 167, 319, 296), (305, 199, 332, 273), (330, 178, 368, 298), (360, 127, 438, 343), (423, 122, 495, 379);
"left/image_00001547_0.png";
"left/image_00001548_0.png";
"left/image_00001549_0.png";
"left/image_00001550_0.png": (86, 163, 146, 307), (144, 205, 163, 258), (214, 184, 252, 286), (241, 165, 303, 309), (315, 197, 290, 277), (307, 173, 358, 307), (345, 190, 368, 279), (353, 135, 430, 341), (415, 125, 487, 372);
"left/image_00001551_0.png";
"left/image_00001552_0.png";
"left/image_00001553_0.png";
"left/image_00001554_0.png": (42, 158, 93, 315), (91, 197, 114, 260), (122, 199, 148, 262), (211, 182, 241, 292), (226, 156, 288, 315), (275, 197, 303, 286), (292, 165, 347, 313), (330, 186, 362, 279), (423, 139, 358, 339), (406, 125, 478, 381);
"left/image_00001555_0.png";
"left/image_00001556_0.png";
"left/image_00001557_0.png";
"left/image_00001558_0.png": (44, 203, 76, 271), (93, 214, 112, 273), (175, 161, 262, 341), (247, 207, 273, 298), (262, 169, 328, 343), (339, 154, 398, 343), (387, 139, 455, 385);
"left/image_00001559_0.png";
"left/image_00001560_0.png";
"left/image_00001561_0.png";
"left/image_00001562_0.png": (2, 186, 38, 264), (48, 190, 76, 262), (129, 125, 226, 351), (211, 190, 239, 290), (224, 141, 303, 339), (313, 141, 377, 330), (366, 127, 434, 379);
"left/image_00001563_0.png";
"left/image_00001564_0.png";
"left/image_00001565_0.png";
"left/image_00001566_0.png": (38, 260, 8, 180), (69, 99, 188, 370), (175, 182, 205, 254), (188, 127, 279, 364), (296, 141, 351, 324), (343, 127, 415, 368), (273, 203, 296, 260);
"left/image_00001567_0.png";
"left/image_00001568_0.png";
"left/image_00001569_0.png";
"left/image_00001570_0.png": (0, 175, 21, 264), (2, 65, 167, 406), (165, 93, 279, 392), (271, 199, 294, 258), (294, 139, 351, 315), (336, 125, 409, 370);
"left/image_00001571_0.png";
"left/image_00001572_0.png";
"left/image_00001573_0.png";
"left/image_00001574_0.png": (0, 12, 122, 470), (129, 61, 262, 451), (260, 199, 283, 258), (283, 146, 334, 319), (324, 118, 394, 368);
"left/image_00001575_0.png";
"left/image_00001576_0.png";
"left/image_00001577_0.png";
"left/image_00001578_0.png": (19, 0, 237, 478), (239, 201, 264, 258), (256, 146, 311, 309), (300, 122, 368, 366);
"left/image_00001579_0.png";
"left/image_00001580_0.png";
"left/image_00001581_0.png";
"left/image_00001582_0.png": (0, 0, 165, 478), (135, 154, 175, 288), (154, 148, 226, 317), (220, 199, 247, 264), (230, 150, 288, 313), (271, 169, 294, 294), (281, 120, 347, 374);
"left/image_00001583_0.png";
"left/image_00001584_0.png";
"left/image_00001585_0.png";
"left/image_00001586_0.png": (0, 158, 61, 332), (61, 144, 137, 338), (122, 135, 199, 341), (194, 154, 258, 313), (245, 118, 319, 362), (332, 180, 294, 300);
"left/image_00001587_0.png";
"left/image_00001588_0.png";
"left/image_00001589_0.png";
"left/image_00001590_0.png": (0, 148, 42, 349), (50, 137, 128, 358), (118, 122, 205, 362), (199, 156, 258, 315), (243, 125, 319, 377), (303, 182, 343, 305);
"left/image_00001591_0.png";
"left/image_00001592_0.png";
"left/image_00001593_0.png";
"left/image_00001594_0.png": (0, 144, 38, 358), (20, 120, 136, 383), (145, 165, 107, 322), (121, 108, 215, 394), (225, 165, 282, 317), (265, 127, 338, 372), (327, 178, 371, 307);
"left/image_00001595_0.png";
"left/image_00001596_0.png";
"left/image_00001597_0.png";
"left/image_00001598_0.png": (13, 101, 130, 413), (92, 74, 225, 430), (208, 205, 232, 264), (242, 158, 293, 309), (282, 127, 350, 379), (348, 178, 393, 307);
"left/image_00001599_0.png";
"left/image_00001600_0.png";
"left/image_00001601_0.png";
"left/image_00001602_0.png": (51, 57, 1, 442), (15, 14, 189, 478), (189, 203, 210, 264), (206, 203, 229, 264), (291, 167, 236, 305), (276, 122, 348, 368), (344, 178, 393, 303);
"left/image_00001603_0.png";
"left/image_00001604_0.png";
"left/image_00001605_0.png";
"left/image_00001606_0.png": (1, 0, 149, 478), (68, 114, 149, 370), (147, 184, 183, 288), (187, 203, 208, 267), (204, 201, 229, 262), (232, 165, 287, 305), (274, 125, 348, 377), (342, 178, 393, 307);
"left/image_00001607_0.png";
"left/image_00001608_0.png";
"left/image_00001609_0.png";
"left/image_00001610_0.png": (5, 97, 147, 402), (162, 186, 200, 286), (200, 205, 225, 269), (219, 203, 244, 269), (246, 169, 304, 303), (299, 127, 365, 370), (357, 178, 405, 307);
"left/image_00001611_0.png";
"left/image_00001612_0.png";
"left/image_00001613_0.png";
"left/image_00001614_0.png": (117, 63, 1, 459), (168, 188, 215, 288), (212, 201, 236, 271), (232, 201, 257, 269), (285, 292, 255, 190), (265, 173, 323, 303), (308, 129, 382, 370), (371, 178, 416, 307);
"left/image_00001615_0.png";
"left/image_00001616_0.png";
"left/image_00001617_0.png";
"left/image_00001618_0.png": (3, 16, 77, 478), (189, 190, 227, 286), (227, 203, 251, 271), (246, 205, 270, 271), (259, 184, 301, 298), (295, 171, 342, 303), (325, 129, 399, 370), (388, 178, 437, 309);
"left/image_00001619_0.png";
"left/image_00001620_0.png";
"left/image_00001621_0.png";
"left/image_00001622_0.png": (193, 190, 227, 288), (229, 203, 253, 273), (301, 305, 251, 182), (299, 175, 352, 300), (338, 125, 414, 372), (399, 175, 446, 309);
"left/image_00001623_0.png";
"left/image_00001624_0.png";
"left/image_00001625_0.png";
"left/image_00001626_0.png": (187, 186, 225, 279), (223, 197, 253, 269), (242, 171, 293, 309), (299, 173, 359, 300), (348, 125, 420, 377), (401, 175, 450, 309);
"left/image_00001627_0.png";
"left/image_00001628_0.png";
"left/image_00001629_0.png";
"left/image_00001630_0.png": (181, 186, 221, 286), (219, 197, 249, 277), (227, 158, 282, 322), (304, 173, 359, 298), (416, 370, 342, 120), (403, 180, 448, 307);
"left/image_00001631_0.png";
"left/image_00001632_0.png";
"left/image_00001633_0.png";
"left/image_00001634_0.png": (172, 188, 210, 286), (202, 152, 269, 343), (306, 178, 352, 298), (344, 125, 418, 381), (401, 180, 452, 313);
"left/image_00001635_0.png";
"left/image_00001636_0.png";
"left/image_00001637_0.png";
"left/image_00001638_0.png": (167, 190, 203, 288), (173, 131, 271, 366), (233, 192, 271, 283), (305, 182, 360, 300), (345, 122, 421, 375), (400, 178, 455, 313);
"left/image_00001639_0.png";
"left/image_00001640_0.png";
"left/image_00001641_0.png";
"left/image_00001642_0.png": (144, 105, 271, 400), (241, 186, 277, 286), (326, 178, 368, 298), (353, 125, 430, 389), (419, 180, 470, 313);
"left/image_00001643_0.png";
"left/image_00001644_0.png";
"left/image_00001645_0.png";
"left/image_00001646_0.png": (74, 55, 252, 478), (220, 184, 252, 288), (250, 182, 283, 286), (332, 180, 379, 296), (353, 120, 432, 381), (428, 175, 478, 319);
"left/image_00001647_0.png";
"left/image_00001648_0.png";
"left/image_00001649_0.png";
"left/image_00001650_0.png": (2, 2, 228, 478), (175, 184, 211, 288), (211, 186, 254, 286), (245, 180, 286, 288), (341, 180, 381, 294), (360, 122, 438, 396), (434, 173, 487, 317);
"left/image_00001651_0.png";
"left/image_00001652_0.png";
"left/image_00001653_0.png";
"left/image_00001654_0.png": (169, 188, 214, 290), (209, 178, 252, 296), (245, 175, 292, 298), (358, 118, 451, 394), (445, 175, 500, 322);
"left/image_00001655_0.png";
"left/image_00001656_0.png";
"left/image_00001657_0.png";
"left/image_00001658_0.png": (203, 188, 163, 288), (203, 173, 243, 300), (239, 167, 288, 300), (360, 120, 453, 394), (440, 175, 502, 319);
"left/image_00001659_0.png";
"left/image_00001660_0.png";
"left/image_00001661_0.png";
"left/image_00001662_0.png": (148, 186, 192, 283), (188, 165, 235, 303), (224, 161, 279, 309), (353, 116, 447, 394), (445, 173, 500, 317);
"left/image_00001663_0.png";
"left/image_00001664_0.png";
"left/image_00001665_0.png";
"left/image_00001666_0.png": (139, 180, 178, 283), (163, 156, 224, 313), (273, 146, 216, 319), (358, 110, 447, 385), (445, 169, 500, 317);
"left/image_00001667_0.png";
"left/image_00001668_0.png";
"left/image_00001669_0.png";
"left/image_00001670_0.png": (139, 184, 173, 286), (154, 144, 220, 324), (211, 139, 279, 326), (379, 110, 468, 390), (375, 175, 404, 288), (457, 175, 514, 315);
"left/image_00001671_0.png";
"left/image_00001672_0.png";
"left/image_00001673_0.png";
"left/image_00001674_0.png": (135, 178, 163, 286), (122, 131, 207, 343), (192, 122, 275, 347), (372, 182, 413, 290), (387, 108, 470, 385), (461, 175, 517, 322);
"left/image_00001675_0.png";
"left/image_00001676_0.png";
"left/image_00001677_0.png";
"left/image_00001678_0.png": (101, 110, 203, 362), (184, 99, 283, 370), (377, 267, 351, 211), (281, 207, 311, 262), (387, 186, 423, 290), (404, 192, 432, 313), (402, 114, 489, 400), (476, 173, 531, 319);
"left/image_00001679_0.png";
"left/image_00001680_0.png";
"left/image_00001681_0.png";
"left/image_00001682_0.png": (171, 76, 29, 396), (131, 63, 275, 411), (277, 205, 311, 260), (345, 205, 375, 264), (387, 184, 419, 288), (398, 173, 438, 317), (411, 105, 495, 387), (474, 175, 531, 322);
"left/image_00001683_0.png";
"left/image_00001684_0.png";
"left/image_00001685_0.png";
"left/image_00001686_0.png": (0, 29, 112, 449), (80, 6, 247, 470), (271, 205, 303, 264), (341, 211, 372, 271), (385, 186, 417, 290), (406, 184, 436, 317), (409, 116, 495, 406), (529, 175, 476, 322);
"left/image_00001687_0.png";
"left/image_00001688_0.png";
"left/image_00001689_0.png";
"left/image_00001690_0.png": (1, 2, 185, 478), (253, 203, 285, 262), (327, 203, 354, 273), (367, 190, 407, 288), (424, 311, 393, 182), (399, 110, 484, 396), (516, 175, 467, 319);
"left/image_00001691_0.png";
"left/image_00001692_0.png";
"left/image_00001693_0.png";
"left/image_00001694_0.png": (83, 178, 132, 281), (257, 205, 287, 264), (323, 205, 357, 271), (371, 182, 410, 281), (393, 182, 433, 313), (460, 171, 520, 322), (405, 110, 492, 406);
"left/image_00001695_0.png";
"left/image_00001696_0.png";
"left/image_00001697_0.png";
"left/image_00001698_0.png": (90, 178, 136, 277), (265, 203, 299, 267), (331, 203, 367, 275), (382, 190, 418, 283), (407, 171, 446, 319), (488, 184, 537, 324), (516, 409, 416, 105);
"left/image_00001699_0.png";
"left/image_00001700_0.png";
"left/image_00001701_0.png";
"left/image_00001702_0.png": (90, 178, 136, 283), (259, 201, 299, 271), (331, 201, 367, 277), (386, 188, 424, 288), (412, 186, 454, 319), (484, 171, 552, 326), (418, 108, 516, 406);
"left/image_00001703_0.png";
"left/image_00001704_0.png";
"left/image_00001705_0.png";
"left/image_00001706_0.png": (75, 175, 121, 281), (246, 199, 285, 271), (316, 203, 357, 279), (374, 188, 414, 286), (403, 188, 441, 315), (475, 173, 539, 326), (503, 103, 410, 419);
"left/image_00001707_0.png";
"left/image_00001708_0.png";
"left/image_00001709_0.png";
"left/image_00001710_0.png": (64, 173, 113, 279), (240, 192, 276, 269), (304, 194, 346, 279), (369, 190, 403, 281), (393, 180, 429, 313), (405, 99, 488, 398), (473, 171, 526, 326);
"left/image_00001711_0.png";
"left/image_00001712_0.png";
"left/image_00001713_0.png";
"left/image_00001714_0.png": (43, 173, 92, 281), (225, 192, 265, 277), (293, 194, 333, 288), (354, 188, 390, 283), (384, 105, 471, 423), (458, 173, 513, 328);
"left/image_00001715_0.png";
"left/image_00001716_0.png";
"left/image_00001717_0.png";
"left/image_00001718_0.png": (26, 175, 75, 279), (206, 190, 253, 279), (280, 188, 323, 290), (346, 192, 380, 279), (365, 101, 456, 406), (446, 171, 505, 322);
"left/image_00001719_0.png";
"left/image_00001720_0.png";
"left/image_00001721_0.png";
"left/image_00001722_0.png": (24, 171, 70, 281), (202, 186, 244, 283), (270, 190, 318, 296), (342, 192, 378, 279), (350, 110, 443, 425), (446, 175, 501, 328);
"left/image_00001723_0.png";
"left/image_00001724_0.png";
"left/image_00001725_0.png";
"left/image_00001726_0.png": (20, 167, 68, 275), (200, 180, 244, 283), (268, 180, 318, 296), (346, 184, 378, 275), (342, 99, 452, 409), (450, 169, 505, 324);
"left/image_00001727_0.png";
"left/image_00001728_0.png";
"left/image_00001729_0.png";
"left/image_00001730_0.png": (18, 169, 68, 279), (196, 175, 246, 286), (265, 178, 321, 309), (352, 99, 439, 428), (454, 169, 513, 328);
"left/image_00001731_0.png";
"left/image_00001732_0.png";
"left/image_00001733_0.png";
"left/image_00001734_0.png": (3, 166, 56, 274), (176, 166, 227, 293), (249, 168, 310, 316), (344, 92, 435, 427), (446, 166, 503, 325);
"left/image_00001735_0.png";
"left/image_00001736_0.png";
"left/image_00001737_0.png";
"left/image_00001738_0.png": (1, 166, 41, 278), (162, 159, 216, 301), (223, 159, 301, 327), (338, 87, 433, 410), (441, 164, 499, 326);
"left/image_00001739_0.png";
"left/image_00001740_0.png";
"left/image_00001741_0.png";
"left/image_00001742_0.png": (0, 166, 28, 276), (151, 155, 210, 310), (206, 147, 289, 348), (342, 90, 435, 429), (437, 162, 499, 329);
"left/image_00001743_0.png";
"left/image_00001744_0.png";
"left/image_00001745_0.png";
"left/image_00001746_0.png": (125, 140, 197, 321), (175, 119, 279, 369), (336, 83, 430, 410), (432, 159, 493, 325);
"left/image_00001747_0.png";
"left/image_00001748_0.png";
"left/image_00001749_0.png";
"left/image_00001750_0.png": (89, 129, 167, 341), (122, 95, 252, 434), (334, 91, 428, 442), (428, 167, 485, 332), (10, 190, 36, 247), (44, 192, 76, 245), (273, 205, 303, 256);
"left/image_00001751_0.png";
"left/image_00001752_0.png";
"left/image_00001753_0.png";
"left/image_00001754_0.png": (0, 38, 216, 478), (4, 186, 27, 250), (267, 201, 298, 258), (322, 190, 356, 273), (415, 163, 476, 324);
"left/image_00001755_0.png";
"left/image_00001756_0.png";
"left/image_00001757_0.png";
"left/image_00001758_0.png": (0, 0, 154, 478), (226, 199, 254, 254), (277, 201, 307, 258), (334, 190, 364, 275), (345, 86, 442, 438), (436, 158, 493, 334);
"left/image_00001759_0.png";
"left/image_00001760_0.png";
"left/image_00001761_0.png";
"left/image_00001762_0.png": (0, 165, 31, 277), (178, 442, 14, 50), (286, 252, 258, 197), (300, 201, 332, 258), (366, 194, 400, 273), (379, 80, 478, 434), (461, 158, 527, 334);
"left/image_00001763_0.png";
"left/image_00001764_0.png";
"left/image_00001765_0.png";
"left/image_00001766_0.png": (0, 2, 139, 478), (286, 197, 309, 256), (313, 199, 347, 262), (385, 188, 419, 277), (440, 192, 411, 315), (419, 84, 523, 428), (491, 184, 555, 336);
"left/image_00001767_0.png";
"left/image_00001768_0.png";
"left/image_00001769_0.png";
"left/image_00001770_0.png": (0, 2, 78, 319), (89, 194, 112, 256), (122, 194, 146, 252), (307, 194, 332, 258), (332, 199, 362, 267), (406, 194, 442, 275), (440, 173, 478, 325), (445, 82, 557, 445), (574, 173, 527, 341);
"left/image_00001771_0.png";
"left/image_00001772_0.png";
"left/image_00001773_0.png";
"left/image_00001774_0.png": (6, 163, 55, 279), (82, 190, 114, 260), (120, 192, 150, 252), (317, 197, 347, 258), (332, 199, 362, 269), (415, 194, 451, 277), (436, 154, 491, 334), (459, 76, 578, 430);
"left/image_00001775_0.png";
"left/image_00001776_0.png";
"left/image_00001777_0.png";
"left/image_00001778_0.png": (2, 171, 48, 277), (78, 186, 112, 258), (120, 194, 146, 250), (332, 194, 364, 269), (423, 192, 459, 273), (512, 154, 449, 339), (489, 78, 597, 449);
"left/image_00001779_0.png";
"left/image_00001780_0.png";
"left/image_00001781_0.png";
"left/image_00001782_0.png": (0, 163, 33, 275), (19, 188, 44, 254), (67, 184, 95, 260), (131, 252, 108, 194), (322, 192, 358, 273), (430, 194, 466, 277), (459, 148, 529, 339), (510, 74, 620, 442);
"left/image_00001783_0.png";
"left/image_00001784_0.png";
"left/image_00001785_0.png";
"left/image_00001786_0.png": (14, 194, 52, 260), (50, 190, 84, 267), (312, 191, 354, 278), (439, 191, 473, 278), (456, 159, 524, 342), (513, 81, 621, 460), (96, 198, 123, 259);
"left/image_00001787_0.png";
"left/image_00001788_0.png";
"left/image_00001789_0.png";
"left/image_00001790_0.png": (11, 180, 49, 267), (0, 184, 22, 256), (66, 190, 94, 254), (291, 186, 325, 281), (424, 148, 511, 336), (499, 78, 613, 447), (323, 194, 352, 262);
"left/image_00001791_0.png";
"left/image_00001792_0.png";
"left/image_00001793_0.png";
"left/image_00001794_0.png": (1, 178, 34, 269), (54, 190, 85, 258), (278, 184, 321, 286), (331, 192, 357, 262), (435, 150, 511, 343), (501, 72, 627, 449);
"left/image_00001795_0.png";
"left/image_00001796_0.png";
"left/image_00001797_0.png";
"left/image_00001798_0.png": (32, 190, 64, 260), (263, 178, 310, 290), (325, 194, 361, 267), (435, 146, 507, 341), (494, 72, 626, 461), (499, 175, 566, 353);
"left/image_00001799_0.png";
"left/image_00001800_0.png";
"left/image_00001801_0.png";
"left/image_00001802_0.png": (13, 188, 47, 267), (242, 173, 299, 300), (327, 194, 361, 264), (429, 146, 501, 349), (501, 65, 626, 442);
"left/image_00001803_0.png";
"left/image_00001804_0.png";
"left/image_00001805_0.png";
"left/image_00001806_0.png": (1, 186, 15, 262), (212, 165, 274, 311), (321, 197, 352, 264), (403, 144, 486, 341), (486, 74, 605, 468);
"left/image_00001807_0.png";
"left/image_00001808_0.png";
"left/image_00001809_0.png";
"left/image_00001810_0.png": (191, 148, 263, 319), (316, 192, 350, 264), (399, 144, 475, 347), (479, 67, 588, 436);
"left/image_00001811_0.png";
"left/image_00001812_0.png";
"left/image_00001813_0.png";
"left/image_00001814_0.png": (153, 135, 238, 343), (310, 192, 344, 264), (386, 141, 460, 341), (452, 74, 575, 464), (240, 199, 272, 258);
"left/image_00001815_0.png";
"left/image_00001816_0.png";
"left/image_00001817_0.png";
"left/image_00001818_0.png": (109, 108, 210, 364), (246, 199, 268, 258), (259, 203, 280, 256), (314, 194, 346, 267), (202, 192, 221, 256), (374, 144, 450, 351), (443, 67, 549, 449);
"left/image_00001819_0.png";
"left/image_00001820_0.png";
"left/image_00001821_0.png";
"left/image_00001822_0.png": (43, 72, 189, 419), (185, 192, 215, 271), (244, 201, 280, 260), (314, 194, 348, 264), (365, 137, 441, 347), (446, 72, 547, 464), (263, 203, 282, 262);
"left/image_00001823_0.png";
"left/image_00001824_0.png";
"left/image_00001825_0.png";
"left/image_00001826_0.png": (1, 2, 162, 472), (183, 262, 157, 186), (198, 194, 227, 271), (229, 201, 253, 258), (263, 201, 291, 260), (333, 192, 363, 267), (376, 146, 454, 356), (431, 72, 552, 459), (304, 260, 272, 201);
"left/image_00001827_0.png";
"left/image_00001828_0.png";
"left/image_00001829_0.png";
"left/image_00001830_0.png": (168, 186, 193, 267), (181, 188, 206, 260), (202, 188, 223, 262), (217, 192, 246, 277), (282, 201, 308, 264), (295, 201, 314, 262), (350, 197, 378, 269), (380, 209, 405, 275), (397, 139, 469, 351), (443, 69, 560, 442);
"left/image_00001831_0.png";
"left/image_00001832_0.png";
"left/image_00001833_0.png";
"left/image_00001834_0.png": (183, 178, 212, 267), (210, 188, 244, 262), (236, 186, 268, 279), (312, 199, 335, 262), (376, 197, 407, 269), (399, 205, 431, 279), (410, 146, 492, 360), (477, 74, 583, 464);
"left/image_00001835_0.png";
"left/image_00001836_0.png";
"left/image_00001837_0.png";
"left/image_00001838_0.png": (189, 180, 227, 275), (229, 186, 257, 269), (257, 186, 291, 286), (325, 197, 361, 269), (388, 205, 437, 286), (429, 139, 511, 356), (501, 67, 613, 447), (340, 205, 365, 267), (384, 209, 431, 279);
"left/image_00001839_0.png";
"left/image_00001840_0.png";
"left/image_00001841_0.png";
"left/image_00001842_0.png": (185, 173, 223, 273), (225, 178, 257, 267), (259, 178, 297, 286), (418, 203, 386, 279), (344, 197, 367, 264), (352, 197, 382, 262), (376, 199, 416, 273), (414, 190, 448, 269), (443, 137, 522, 360), (494, 69, 632, 474);
"left/image_00001843_0.png";
"left/image_00001844_0.png";
"left/image_00001845_0.png";
"left/image_00001846_0.png": (167, 173, 218, 283), (247, 271, 211, 175), (252, 173, 288, 296), (339, 197, 368, 267), (341, 197, 394, 286), (415, 188, 445, 269), (510, 356, 442, 135), (487, 67, 608, 459);
"left/image_00001847_0.png";
"left/image_00001848_0.png";
"left/image_00001849_0.png";
"left/image_00001850_0.png": (118, 190, 154, 260), (144, 165, 188, 290), (190, 175, 222, 275), (228, 169, 271, 303), (307, 199, 349, 290), (330, 197, 358, 267), (362, 201, 345, 264), (436, 194, 409, 269), (415, 141, 493, 364), (584, 67, 468, 478);
"left/image_00001851_0.png";
"left/image_00001852_0.png";
"left/image_00001853_0.png";
"left/image_00001854_0.png": (89, 182, 114, 256), (122, 158, 171, 292), (171, 169, 209, 277), (203, 156, 247, 309), (277, 194, 324, 286), (330, 194, 364, 269), (334, 269, 364, 192), (411, 135, 489, 358), (447, 69, 570, 461);
"left/image_00001855_0.png";
"left/image_00001856_0.png";
"left/image_00001857_0.png";
"left/image_00001858_0.png": (82, 144, 146, 303), (154, 165, 194, 290), (171, 148, 228, 324), (233, 192, 288, 286), (328, 194, 360, 269), (413, 133, 483, 362), (436, 61, 555, 459);
"left/image_00001859_0.png";
"left/image_00001860_0.png";
"left/image_00001861_0.png";
"left/image_00001862_0.png": (63, 137, 135, 311), (146, 288, 110, 152), (152, 131, 218, 334), (148, 154, 188, 288), (230, 190, 262, 290), (222, 194, 275, 283), (347, 192, 381, 271), (438, 65, 557, 478), (481, 152, 425, 358), (508, 163, 591, 379);
"left/image_00001863_0.png";
"left/image_00001864_0.png";
"left/image_00001865_0.png";
"left/image_00001866_0.png": (33, 118, 122, 324), (103, 150, 135, 267), (118, 108, 199, 364), (201, 184, 254, 286), (243, 192, 271, 260), (258, 192, 281, 258), (362, 194, 396, 267), (292, 194, 326, 258), (438, 50, 550, 451), (623, 372, 531, 127);
"left/image_00001867_0.png";
"left/image_00001868_0.png";
"left/image_00001869_0.png";
"left/image_00001870_0.png": (99, 353, 0, 99), (55, 74, 167, 425), (154, 141, 207, 305), (186, 182, 230, 294), (387, 192, 434, 273), (428, 59, 587, 478), (574, 122, 639, 396), (311, 201, 349, 267), (269, 194, 300, 264), (281, 197, 313, 267), (241, 199, 267, 260), (245, 260, 218, 199);
"left/image_00001871_0.png";
"left/image_00001872_0.png";
"left/image_00001873_0.png";
"left/image_00001874_0.png": (0, 0, 125, 470), (139, 127, 201, 317), (218, 194, 245, 258), (241, 194, 271, 260), (296, 197, 313, 262), (305, 194, 324, 262), (328, 194, 353, 264), (406, 192, 445, 271), (423, 48, 553, 470), (527, 125, 623, 379), (603, 156, 639, 383);
"left/image_00001875_0.png";
"left/image_00001876_0.png";
"left/image_00001877_0.png";
"left/image_00001878_0.png": (25, 105, 114, 341), (105, 114, 180, 339), (214, 194, 245, 264), (237, 192, 271, 264), (300, 199, 339, 264), (343, 197, 309, 267), (330, 197, 364, 267), (428, 190, 459, 275), (430, 55, 548, 478), (567, 120, 639, 381);
"left/image_00001879_0.png";
"left/image_00001880_0.png";
"left/image_00001881_0.png";
"left/image_00001882_0.png": (0, 74, 74, 370), (67, 84, 148, 360), (207, 190, 237, 264), (233, 188, 269, 262), (324, 192, 351, 264), (341, 194, 370, 269), (411, 48, 536, 478);
"left/image_00001883_0.png";
"left/image_00001884_0.png";
"left/image_00001885_0.png";
"left/image_00001886_0.png": (0, 31, 89, 428), (76, 169, 120, 309), (194, 190, 224, 267), (228, 186, 262, 269), (332, 194, 360, 269), (349, 194, 377, 271), (404, 50, 521, 455);
"left/image_00001887_0.png";
"left/image_00001888_0.png";
"left/image_00001889_0.png";
"left/image_00001890_0.png": (36, 319, 2, 137), (16, 161, 61, 311), (182, 186, 211, 267), (216, 184, 252, 273), (351, 192, 383, 271), (392, 61, 510, 478);
"left/image_00001891_0.png";
"left/image_00001892_0.png";
"left/image_00001893_0.png";
"left/image_00001894_0.png": (0, 131, 31, 330), (33, 197, 59, 262), (167, 182, 203, 273), (203, 178, 245, 271), (353, 190, 389, 277), (389, 52, 506, 453);
"left/image_00001895_0.png";
"left/image_00001896_0.png";
"left/image_00001897_0.png";
"left/image_00001898_0.png": (0, 125, 65, 343), (154, 173, 190, 275), (190, 173, 235, 277), (31, 192, 61, 260), (358, 190, 389, 281), (495, 197, 538, 292), (379, 59, 495, 478);
"left/image_00001899_0.png";
"left/image_00001900_0.png";
"left/image_00001901_0.png";
"left/image_00001902_0.png": (0, 120, 72, 364), (146, 175, 188, 283), (188, 169, 233, 283), (362, 188, 400, 286), (383, 57, 498, 476), (529, 192, 576, 296), (523, 197, 550, 286);
"left/image_00001903_0.png";
"left/image_00001904_0.png";
"left/image_00001905_0.png";
"left/image_00001906_0.png": (2, 116, 148, 377), (161, 165, 203, 288), (197, 165, 245, 286), (421, 292, 385, 188), (413, 57, 529, 466), (565, 199, 601, 292), (557, 199, 583, 281), (582, 194, 625, 300);
"left/image_00001907_0.png";
"left/image_00001908_0.png";
"left/image_00001909_0.png";
"left/image_00001910_0.png": (0, 150, 31, 298), (103, 199, 137, 267), (118, 108, 252, 394), (186, 161, 226, 288), (220, 156, 271, 294), (409, 182, 461, 298), (447, 52, 578, 478), (616, 190, 639, 283);
"left/image_00001911_0.png";
"left/image_00001912_0.png";
"left/image_00001913_0.png";
"left/image_00001914_0.png": (0, 150, 42, 303), (122, 201, 150, 267), (178, 156, 224, 305), (148, 89, 292, 415), (413, 182, 468, 296), (461, 50, 589, 455);
"left/image_00001915_0.png";
"left/image_00001916_0.png";
"left/image_00001917_0.png";
"left/image_00001918_0.png": (0, 161, 74, 322), (131, 218, 156, 283), (165, 158, 220, 334), (216, 152, 277, 332), (228, 93, 413, 466), (404, 192, 459, 319), (470, 84, 591, 478), (582, 209, 635, 311);
"left/image_00001919_0.png";
"left/image_00001920_0.png";
"left/image_00001921_0.png";
"left/image_00001922_0.png": (0, 137, 76, 313), (105, 131, 192, 339), (192, 127, 269, 343), (332, 55, 474, 478), (461, 67, 587, 464), (589, 194, 637, 300), (618, 197, 639, 300);
"left/image_00001923_0.png";
"left/image_00001924_0.png";
"left/image_00001925_0.png";
"left/image_00001926_0.png": (0, 133, 72, 326), (63, 105, 148, 366), (156, 101, 250, 368), (353, 169, 425, 313), (398, 31, 627, 478);
"left/image_00001927_0.png";
"left/image_00001928_0.png";
"left/image_00001929_0.png";
"left/image_00001930_0.png": (0, 67, 89, 428), (69, 61, 222, 423), (322, 161, 381, 317), (438, 76, 548, 466), (587, 19, 639, 356);
"left/image_00001931_0.png";
"left/image_00001932_0.png";
"left/image_00001933_0.png";
"left/image_00001934_0.png": (0, 2, 184, 478), (0, 105, 76, 336), (281, 154, 358, 328), (430, 78, 542, 440), (343, 201, 368, 269);
"left/image_00001935_0.png";
"left/image_00001936_0.png";
"left/image_00001937_0.png";
"left/image_00001938_0.png": (0, 0, 72, 478), (108, 192, 144, 273), (239, 148, 336, 334), (415, 89, 540, 453), (339, 201, 372, 271);
"left/image_00001939_0.png";
"left/image_00001940_0.png";
"left/image_00001941_0.png";
"left/image_00001942_0.png": (0, 101, 108, 385), (112, 199, 146, 277), (237, 141, 309, 347), (419, 86, 517, 425), (345, 271, 315, 209), (353, 201, 387, 273);
"left/image_00001943_0.png";
"left/image_00001944_0.png";
"left/image_00001945_0.png";
"left/image_00001946_0.png": (31, 80, 171, 413), (154, 190, 129, 288), (167, 211, 190, 275), (317, 361, 197, 137), (294, 209, 326, 275), (349, 214, 383, 279), (383, 207, 419, 283), (550, 103, 455, 425);
"left/image_00001947_0.png";
"left/image_00001948_0.png";
"left/image_00001949_0.png";
"left/image_00001950_0.png": (55, 61, 182, 436), (214, 127, 277, 379), (313, 211, 347, 281), (372, 216, 409, 283), (406, 203, 445, 286), (464, 108, 582, 436);
"left/image_00001951_0.png";
"left/image_00001952_0.png";
"left/image_00001953_0.png";
"left/image_00001954_0.png": (114, 23, 0, 478), (99, 110, 225, 402), (275, 205, 311, 283), (343, 209, 379, 286), (377, 203, 415, 288), (436, 108, 523, 409);
"left/image_00001955_0.png";
"left/image_00001956_0.png";
"left/image_00001957_0.png";
"left/image_00001958_0.png": (0, 68, 63, 423), (222, 199, 269, 279), (256, 205, 288, 277), (298, 205, 339, 279), (332, 190, 372, 283), (381, 116, 468, 415), (131, 209, 158, 275);
"left/image_00001959_0.png";
"left/image_00001960_0.png";
"left/image_00001961_0.png";
"left/image_00001962_0.png": (105, 216, 137, 286), (186, 201, 228, 290), (241, 211, 269, 288), (273, 211, 309, 288), (300, 194, 343, 294), (353, 118, 438, 413);
"left/image_00001963_0.png";
"left/image_00001964_0.png";
"left/image_00001965_0.png";
"left/image_00001966_0.png": (99, 211, 131, 288), (155, 197, 201, 288), (228, 205, 260, 286), (250, 199, 292, 288), (279, 188, 326, 294), (328, 118, 413, 419);
"left/image_00001967_0.png";
"left/image_00001968_0.png";
"left/image_00001969_0.png";
"left/image_00001970_0.png": (101, 228, 135, 290), (127, 203, 180, 307), (230, 207, 279, 303), (269, 194, 319, 311), (319, 131, 404, 434);
"left/image_00001971_0.png";
"left/image_00001972_0.png";
"left/image_00001973_0.png";
"left/image_00001974_0.png": (101, 190, 150, 300), (209, 199, 258, 300), (237, 201, 262, 286), (254, 178, 298, 305), (315, 120, 396, 413);
"left/image_00001975_0.png";
"left/image_00001976_0.png";
"left/image_00001977_0.png";
"left/image_00001978_0.png": (80, 309, 144, 188), (135, 211, 156, 286), (154, 216, 171, 271), (161, 214, 190, 271), (199, 192, 250, 307), (296, 209, 332, 296), (406, 135, 313, 432);
"left/image_00001979_0.png";
"left/image_00001980_0.png";
"left/image_00001981_0.png";
"left/image_00001982_0.png": (74, 175, 141, 305), (167, 211, 203, 273), (141, 209, 169, 267), (205, 178, 264, 305), (252, 156, 307, 313), (288, 180, 324, 292), (336, 118, 419, 413), (0, 201, 23, 269), (25, 203, 50, 264);
"left/image_00001983_0.png";
"left/image_00001984_0.png";
"left/image_00001985_0.png";
"left/image_00001986_0.png": (10, 192, 42, 264), (31, 199, 55, 258), (55, 192, 76, 258), (74, 158, 129, 305), (141, 197, 171, 258), (184, 169, 264, 311), (186, 197, 211, 260), (247, 144, 313, 324), (322, 175, 368, 296), (360, 122, 447, 406);
"left/image_00001987_0.png";
"left/image_00001988_0.png";
"left/image_00001989_0.png";
"left/image_00001990_0.png": (33, 188, 63, 262), (38, 148, 127, 307), (156, 192, 193, 252), (190, 149, 256, 317), (214, 125, 315, 324), (362, 161, 404, 294), (385, 116, 470, 413), (459, 163, 506, 290);
"left/image_00001991_0.png";
"left/image_00001992_0.png";
"left/image_00001993_0.png";
"left/image_00001994_0.png": (10, 118, 80, 305), (84, 173, 103, 245), (93, 169, 118, 239), (141, 173, 173, 239), (156, 129, 235, 311), (197, 93, 303, 330), (262, 178, 300, 245), (387, 95, 478, 381), (502, 148, 574, 290);
"left/image_00001995_0.png";
"left/image_00001996_0.png";
"left/image_00001997_0.png";
"left/image_00001998_0.png": (0, 150, 42, 322), (78, 122, 194, 341), (16, 175, 50, 260), (52, 190, 82, 260), (80, 186, 108, 260), (95, 182, 125, 237), (122, 80, 245, 372), (250, 182, 279, 256), (286, 192, 313, 260), (389, 116, 474, 413), (440, 150, 487, 326), (576, 154, 637, 317);
"left/image_00001999_0.png";
"left/image_00002000_0.png";
"left/image_00002001_0.png";
"left/image_00002002_0.png": (14, 175, 48, 269), (46, 97, 114, 360), (86, 40, 203, 419), (241, 192, 273, 260), (262, 186, 294, 260), (309, 197, 345, 262), (394, 103, 487, 398), (476, 127, 567, 351);
"left/image_00002003_0.png";
"left/image_00002004_0.png";
"left/image_00002005_0.png";
"left/image_00002006_0.png": (0, 0, 125, 445), (63, 175, 91, 260), (82, 175, 116, 260), (108, 167, 148, 258), (250, 178, 281, 254), (273, 173, 303, 256), (370, 182, 339, 252), (406, 86, 493, 375), (559, 95, 639, 377);
"left/image_00002007_0.png";
"left/image_00002008_0.png";
"left/image_00002009_0.png";
"left/image_00002010_0.png": (21, 180, 59, 269), (50, 173, 91, 267), (80, 163, 127, 269), (239, 182, 271, 262), (264, 173, 296, 262), (339, 256, 375, 188), (398, 95, 481, 385), (468, 180, 498, 264), (517, 180, 546, 245);
"left/image_00002011_0.png";
"left/image_00002012_0.png";
"left/image_00002013_0.png";
"left/image_00002014_0.png": (0, 169, 23, 275), (19, 169, 55, 273), (48, 152, 97, 273), (220, 178, 256, 269), (250, 173, 286, 267), (347, 184, 379, 256), (389, 84, 472, 360), (587, 192, 610, 247), (623, 241, 599, 188), (506, 184, 536, 243);
"left/image_00002015_0.png";
"left/image_00002016_0.png";
"left/image_00002017_0.png";
"left/image_00002018_0.png": (0, 154, 23, 273), (8, 144, 52, 283), (203, 171, 239, 269), (235, 158, 281, 272), (351, 180, 385, 254), (379, 89, 461, 360), (584, 184, 614, 241), (601, 188, 627, 243);
"left/image_00002019_0.png";
"left/image_00002020_0.png";
"left/image_00002021_0.png";
"left/image_00002022_0.png": (175, 167, 222, 271), (220, 152, 264, 269), (349, 182, 385, 247), (358, 82, 442, 336), (468, 184, 493, 230), (487, 169, 525, 235), (576, 173, 603, 233), (591, 173, 625, 233);
"left/image_00002023_0.png";
"left/image_00002024_0.png";
"left/image_00002025_0.png";
"left/image_00002026_0.png": (154, 194, 205, 307), (205, 182, 252, 307), (345, 129, 425, 377), (330, 222, 353, 269), (574, 220, 597, 277), (584, 224, 614, 281), (472, 230, 498, 275), (449, 220, 478, 277);
"left/image_00002027_0.png";
"left/image_00002028_0.png";
"left/image_00002029_0.png";
"left/image_00002030_0.png": (137, 190, 186, 317), (182, 173, 239, 319), (341, 133, 413, 368), (324, 218, 347, 269), (455, 218, 491, 273), (572, 218, 603, 271), (595, 220, 620, 275), (110, 218, 137, 278);
"left/image_00002031_0.png";
"left/image_00002032_0.png";
"left/image_00002033_0.png";
"left/image_00002034_0.png": (69, 220, 108, 279), (101, 220, 125, 279), (114, 188, 171, 332), (158, 169, 228, 330), (324, 135, 396, 364), (309, 222, 330, 273), (440, 226, 472, 273), (400, 216, 428, 277), (578, 214, 603, 275), (595, 222, 618, 277);
"left/image_00002035_0.png";
"left/image_00002036_0.png";
"left/image_00002037_0.png";
"left/image_00002038_0.png": (25, 222, 65, 288), (82, 180, 150, 347), (139, 161, 207, 351), (315, 152, 383, 379), (379, 224, 413, 298), (404, 230, 432, 283), (428, 228, 449, 279), (578, 230, 603, 281), (593, 235, 620, 283);
"left/image_00002039_0.png";
"left/image_00002040_0.png";
"left/image_00002041_0.png";
"left/image_00002042_0.png": (50, 165, 127, 377), (118, 150, 197, 381), (311, 144, 381, 377), (392, 228, 430, 298), (593, 224, 620, 279), (610, 233, 635, 281);
"left/image_00002043_0.png";
"left/image_00002044_0.png";
"left/image_00002045_0.png";
"left/image_00002046_0.png": (4, 135, 80, 400), (40, 108, 165, 406), (298, 144, 368, 383), (406, 214, 438, 290), (425, 214, 453, 273), (595, 222, 625, 271), (614, 222, 637, 271);
"left/image_00002047_0.png";
"left/image_00002048_0.png";
"left/image_00002049_0.png";
"left/image_00002050_0.png": (2, 67, 125, 478), (112, 205, 141, 300), (292, 152, 360, 387), (360, 228, 387, 281), (398, 235, 421, 281), (413, 222, 451, 300), (440, 226, 464, 288), (625, 286, 603, 228), (618, 230, 639, 288);
"left/image_00002051_0.png";
"left/image_00002052_0.png";
"left/image_00002053_0.png";
"left/image_00002054_0.png": (78, 203, 105, 288), (127, 201, 89, 296), (271, 152, 349, 377), (432, 218, 459, 292), (447, 209, 476, 281), (608, 218, 627, 277), (623, 228, 639, 277);
"left/image_00002055_0.png";
"left/image_00002056_0.png";
"left/image_00002057_0.png";
"left/image_00002058_0.png": (0, 97, 57, 396), (76, 197, 118, 292), (63, 199, 89, 281), (264, 141, 336, 377), (430, 203, 470, 288), (461, 207, 487, 271), (614, 211, 637, 275), (372, 214, 398, 264), (394, 214, 415, 267);
"left/image_00002059_0.png";
"left/image_00002060_0.png";
"left/image_00002061_0.png";
"left/image_00002062_0.png": (2, 103, 116, 398), (254, 139, 332, 375), (67, 192, 110, 296), (326, 216, 349, 271), (368, 218, 394, 269), (396, 214, 419, 269), (459, 214, 502, 288), (481, 214, 500, 279), (487, 211, 519, 277);
"left/image_00002063_0.png";
"left/image_00002064_0.png";
"left/image_00002065_0.png";
"left/image_00002066_0.png": (0, 122, 61, 409), (14, 99, 135, 413), (243, 194, 281, 286), (260, 150, 330, 383), (487, 206, 521, 292), (510, 207, 540, 281), (404, 211, 430, 271), (394, 218, 368, 267);
"left/image_00002067_0.png";
"left/image_00002068_0.png";
"left/image_00002069_0.png";
"left/image_00002070_0.png": (0, 103, 52, 406), (0, 122, 103, 372), (19, 105, 173, 432), (224, 192, 260, 292), (250, 182, 288, 296), (334, 377, 267, 154), (364, 218, 392, 269), (406, 211, 432, 269), (508, 207, 555, 292), (538, 209, 574, 279);
"left/image_00002071_0.png";
"left/image_00002072_0.png";
"left/image_00002073_0.png";
"left/image_00002074_0.png": (0, 112, 129, 434), (44, 389, 173, 127), (116, 101, 235, 419), (209, 184, 267, 292), (222, 186, 281, 300), (271, 154, 336, 381), (546, 201, 582, 292), (569, 209, 609, 286), (441, 269, 414, 209), (367, 220, 395, 269);
"left/image_00002075_0.png";
"left/image_00002076_0.png";
"left/image_00002077_0.png";
"left/image_00002078_0.png": (37, 103, 147, 406), (107, 118, 166, 377), (136, 99, 276, 415), (280, 146, 344, 372), (374, 209, 397, 260), (429, 201, 454, 258), (575, 194, 628, 286), (607, 197, 638, 271);
"left/image_00002079_0.png";
"left/image_00002080_0.png";
"left/image_00002081_0.png";
"left/image_00002082_0.png": (37, 163, 79, 288), (70, 103, 238, 406), (121, 375, 229, 108), (185, 154, 234, 288), (219, 91, 329, 411), (289, 137, 348, 356), (369, 201, 397, 252), (429, 194, 456, 252), (611, 186, 638, 281);
"left/image_00002083_0.png";
"left/image_00002084_0.png";
"left/image_00002085_0.png";
"left/image_00002086_0.png": (29, 169, 76, 296), (52, 171, 82, 277), (97, 150, 194, 307), (169, 101, 260, 402), (292, 91, 389, 402), (438, 197, 464, 256), (368, 199, 396, 254);
"left/image_00002087_0.png";
"left/image_00002088_0.png";
"left/image_00002089_0.png";
"left/image_00002090_0.png": (95, 146, 146, 307), (97, 211, 144, 309), (144, 194, 190, 298), (19, 216, 61, 292), (188, 366, 300, 114), (182, 112, 313, 406), (283, 139, 339, 339), (317, 103, 442, 406);
"left/image_00002091_0.png";
"left/image_00002092_0.png";
"left/image_00002093_0.png";
"left/image_00002094_0.png": (256, 108, 324, 364), (269, 112, 364, 392), (381, 101, 500, 396), (362, 201, 387, 252);
"left/image_00002095_0.png";
"left/image_00002096_0.png";
"left/image_00002097_0.png";
"left/image_00002098_0.png": (0, 163, 76, 478), (33, 146, 86, 298), (315, 98, 430, 375), (445, 93, 565, 394), (65, 0, 256, 478), (67, 192, 105, 305), (374, 347, 282, 104);
"left/image_00002099_0.png";
"left/image_00002100_0.png";
"left/image_00002101_0.png";
"left/image_00002102_0.png": (10, 144, 59, 309), (42, 197, 80, 322), (55, 171, 211, 478), (152, 2, 347, 478), (350, 136, 428, 368), (389, 124, 495, 392), (525, 97, 635, 389);
"left/image_00002103_0.png";
"left/image_00002104_0.png";
"left/image_00002105_0.png";
"left/image_00002106_0.png": (0, 186, 74, 319), (36, 154, 78, 305), (63, 161, 101, 281), (101, 190, 139, 260), (146, 171, 300, 478), (300, 0, 510, 478), (489, 149, 572, 385);
"left/image_00002107_0.png";
"left/image_00002108_0.png";
"left/image_00002109_0.png";
"left/image_00002110_0.png": (29, 148, 80, 307), (67, 161, 101, 288), (114, 190, 144, 258), (307, 141, 362, 315), (224, 173, 362, 478), (421, 0, 603, 478), (396, 203, 423, 262);
"left/image_00002111_0.png";
"left/image_00002112_0.png";
"left/image_00002113_0.png";
"left/image_00002114_0.png": (10, 137, 69, 309), (57, 154, 95, 283), (110, 192, 146, 254), (292, 137, 347, 313), (303, 165, 415, 478), (510, 2, 639, 478), (406, 197, 430, 260), (379, 198, 409, 263);
"left/image_00002115_0.png";
"left/image_00002116_0.png";
"left/image_00002117_0.png";
"left/image_00002118_0.png": (0, 140, 44, 323), (36, 159, 82, 293), (103, 198, 137, 265), (277, 149, 336, 325), (343, 202, 377, 276), (356, 478, 477, 176), (553, 128, 633, 361), (578, 1, 639, 477), (529, 198, 563, 282);
"left/image_00002119_0.png";
"left/image_00002120_0.png";
"left/image_00002121_0.png";
"left/image_00002122_0.png": (0, 136, 23, 329), (16, 157, 65, 304), (95, 200, 127, 265), (260, 147, 315, 331), (341, 202, 370, 278), (372, 206, 404, 278), (415, 206, 440, 270), (527, 196, 559, 274), (411, 176, 565, 478), (599, 140, 639, 361);
"left/image_00002123_0.png";
"left/image_00002124_0.png";
"left/image_00002125_0.png";
"left/image_00002126_0.png": (0, 153, 48, 301), (86, 198, 122, 265), (250, 147, 305, 323), (341, 202, 370, 280), (368, 208, 400, 285), (423, 208, 451, 274), (595, 478, 481, 176);
"left/image_00002127_0.png";
"left/image_00002128_0.png";
"left/image_00002129_0.png";
"left/image_00002130_0.png": (4, 157, 54, 312), (99, 206, 132, 270), (247, 157, 303, 329), (353, 206, 383, 287), (381, 206, 413, 287), (538, 198, 582, 287), (572, 172, 637, 478), (470, 278, 442, 212);
"left/image_00002131_0.png";
"left/image_00002132_0.png";
"left/image_00002133_0.png";
"left/image_00002134_0.png": (55, 316, 4, 164), (101, 215, 133, 280), (241, 166, 296, 329), (353, 217, 387, 291), (383, 217, 423, 299), (453, 215, 485, 289), (553, 210, 588, 287);
"left/image_00002135_0.png";
"left/image_00002136_0.png".
